Order	amountCrates
0	2
1	2
2	2
3	3
4	2
5	1
6	3
7	4
8	3
9	1
10	1
11	2
12	2
13	2
14	3
15	3
16	3
17	2
18	2
19	1
20	1
21	2
22	3
23	1
24	2
25	2
26	2
27	2
28	2
29	2
30	2
31	1
32	3
33	3
34	1
35	2
36	1
37	4
38	3
39	1
40	1
41	3
42	2
43	2
44	2
45	5
46	3
47	4
48	4
49	2
50	3
51	2
52	3
53	2
54	4
55	3
56	2
57	1
58	1
59	3
60	3
61	2
62	2
63	2
64	1
65	2
66	2
67	2
68	3
69	1
70	1
71	3
72	3
73	1
74	2
75	3
76	3
77	2
78	2
79	4
80	3
81	3
82	3
83	3
84	2
85	1
86	2
87	3
88	4
89	5
90	2
91	4
92	2
93	3
94	2
95	2
96	3
97	1
98	2
99	2
100	2
101	1
102	1
103	1
104	2
105	1
106	2
107	2
108	1
109	3
110	2
111	2
112	1
113	2
114	2
115	2
116	2
117	2
118	2
119	3
120	1
121	1
122	1
123	3
124	7
125	2
126	3
127	3
128	3
129	2
130	4
131	2
132	1
133	1
134	1
135	2
136	2
137	2
138	3
139	3
140	1
141	2
142	3
143	2
144	3
145	4
146	1
147	1
148	2
149	2
150	4
151	2
152	3
153	1
154	3
155	3
156	1
157	3
158	3
159	2
160	1
161	5
162	3
163	2
164	2
165	2
166	2
167	2
168	3
169	3
170	1
171	3
172	3
173	3
174	4
175	2
176	2
177	5
178	2
179	3
180	1
181	1
182	2
183	3
184	2
185	3
186	3
187	1
188	3
189	2
190	2
191	2
192	2
193	1
194	4
195	2
196	2
197	3
198	2
199	3
200	3
201	2
202	1
203	4
204	1
205	3
206	2
207	2
208	3
209	2
210	2
211	3
212	2
213	2
214	2
215	2
216	2
217	2
218	3
219	2
220	2
221	2
222	2
223	2
224	2
225	2
226	1
227	1
228	2
229	3
230	1
231	2
232	2
233	3
234	5
235	2
236	2
237	1
238	2
239	2
240	2
241	1
242	2
243	2
244	4
245	3
246	3
247	1
248	3
249	2
250	4
251	2
252	2
253	2
254	1
255	1
256	5
257	2
258	3
259	2
260	1
261	3
262	1
263	1
264	2
265	2
266	5
267	2
268	3
269	2
270	3
271	2
272	2
273	3
274	2
275	3
276	4
277	2
278	2
279	2
280	3
281	4
282	1
283	2
284	3
285	2
286	2
287	2
288	1
289	2
290	3
291	1
292	2
293	2
294	2
295	2
296	3
297	4
298	2
299	2
300	3
301	4
302	2
303	3
304	3
305	4
306	3
307	1
308	2
309	1
310	2
311	2
312	2
313	1
314	2
315	3
316	4
317	3
318	2
319	2
320	1
321	2
322	2
323	2
324	1
325	4
326	4
327	2
328	3
329	6
330	2
331	1
332	1
333	2
334	2
335	3
336	4
337	1
338	3
339	3
340	2
341	1
342	2
343	2
344	2
345	3
346	1
347	2
348	1
349	3
350	3
351	2
352	2
353	2
354	2
355	4
356	2
357	2
358	5
359	3
360	3
361	2
362	1
363	2
364	3
365	2
366	4
367	2
368	2
369	3
370	2
371	2
372	1
373	4
374	3
375	2
376	2
377	2
378	3
379	2
380	5
381	5
382	2
383	1
384	4
385	2
386	3
387	2
388	2
389	3
390	4
391	2
392	2
393	2
394	3
395	1
396	3
397	3
398	2
399	3
400	2
401	4
402	3
403	3
404	2
405	2
406	3
407	7
408	2
409	1
410	3
411	2
412	2
413	2
414	3
415	2
416	2
417	2
418	2
419	2
420	2
421	1
422	3
423	2
424	3
425	2
426	3
427	3
428	4
429	2
430	1
431	2
432	2
433	3
434	3
435	2
436	2
437	2
438	3
439	3
440	2
441	1
442	2
443	4
444	3
445	3
446	2
447	3
448	3
449	3
450	2
451	2
452	3
453	3
454	3
455	1
456	1
457	3
458	3
459	5
460	3
461	2
462	1
463	3
464	4
465	2
466	4
467	4
468	1
469	3
470	2
471	2
472	2
473	2
474	2
475	2
476	2
477	1
478	3
479	3
480	2
481	3
482	2
483	2
484	2
485	1
486	1
487	2
488	5
489	2
490	1
491	2
492	2
493	3
494	2
495	2
496	3
497	3
498	1
499	2
500	3
501	1
502	2
503	2
504	5
505	2
506	4
507	2
508	2
509	2
510	2
511	2
512	1
513	2
514	2
515	3
516	2
517	3
518	2
519	2
520	3
521	2
522	3
523	2
524	3
525	3
526	3
527	4
528	2
529	2
530	2
531	3
532	2
533	1
534	2
535	2
536	2
537	1
538	2
539	4
540	2
541	3
542	3
543	2
544	2
545	3
546	3
547	3
548	3
549	2
550	4
551	1
552	4
553	3
554	3
555	4
556	4
557	3
558	1
559	2
560	1
561	3
562	2
563	2
564	3
565	2
566	3
567	4
568	1
569	2
570	1
571	4
572	2
573	3
574	1
575	3
576	3
577	3
578	1
579	2
580	1
581	4
582	2
583	3
584	1
585	3
586	1
587	2
588	2
589	3
590	5
591	2
592	2
593	1
594	2
595	1
596	2
597	2
598	5
599	1
600	2
601	2
602	4
603	3
604	1
605	2
606	2
607	3
608	2
609	2
610	1
611	1
612	3
613	2
614	2
615	3
616	2
617	1
618	4
619	2
620	1
621	2
622	1
623	3
624	2
625	2
626	3
627	2
628	1
629	4
630	1
631	3
632	1
633	1
634	3
635	2
636	2
637	1
638	1
639	3
640	2
641	2
642	1
643	1
644	3
645	2
646	3
647	2
648	3
649	2
650	2
651	2
652	3
653	1
654	3
655	3
656	2
657	2
658	4
659	1
660	2
661	2
662	2
663	2
664	4
665	1
666	1
667	2
668	1
669	3
670	2
671	2
672	2
673	5
674	2
675	2
676	2
677	1
678	2
679	3
680	3
681	3
682	3
683	1
684	2
685	2
686	2
687	2
688	2
689	1
690	2
691	2
692	2
693	1
694	3
695	1
696	3
697	2
698	2
699	3
700	3
701	3
702	2
703	2
704	2
705	1
706	2
707	2
708	3
709	3
710	2
711	4
712	2
713	2
714	2
715	2
716	3
717	2
718	1
719	3
720	2
721	2
722	3
723	3
724	3
725	4
726	3
727	2
728	2
729	1
730	3
731	3
732	2
733	2
734	3
735	3
736	2
737	1
738	3
739	2
740	2
741	1
742	2
743	1
744	3
745	2
746	2
747	2
748	2
749	3
750	3
751	2
752	1
753	1
754	1
755	2
756	3
757	2
758	3
759	2
760	3
761	1
762	3
763	1
764	3
765	2
766	2
767	2
768	3
769	1
770	2
771	3
772	1
773	2
774	1
775	2
776	2
777	2
778	1
779	3
780	2
781	2
782	2
783	2
784	2
785	3
786	1
787	3
788	1
789	1
790	3
791	3
792	2
793	2
794	2
795	2
796	2
797	1
798	2
799	2
800	3
801	3
802	3
803	2
804	3
805	2
806	2
807	2
808	2
809	2
810	2
811	2
812	2
813	3
814	1
815	2
816	4
817	2
818	3
819	3
820	3
821	2
822	2
823	2
824	2
825	2
826	3
827	2
828	2
829	2
830	4
831	3
832	2
833	3
834	2
835	3
836	2
837	3
838	3
839	1
840	1
841	2
842	2
843	1
844	1
845	2
846	2
847	2
848	1
849	3
850	2
851	3
852	3
853	2
854	2
855	2
856	3
857	2
858	3
859	2
860	3
861	2
862	2
863	2
864	2
865	2
866	1
867	4
868	2
869	3
870	2
871	1
872	2
873	2
874	2
875	3
876	2
877	1
878	1
879	3
880	2
881	2
882	3
883	3
884	1
885	1
886	2
887	2
888	3
889	3
890	4
891	4
892	2
893	2
894	1
895	2
896	4
897	3
898	2
899	2
900	5
901	2
902	2
903	3
904	2
905	2
906	3
907	3
908	2
909	2
910	2
911	2
912	2
913	2
914	2
915	1
916	3
917	2
918	2
919	2
920	1
921	3
922	1
923	3
924	3
925	4
926	1
927	2
928	3
929	2
930	2
931	1
932	3
933	3
934	3
935	2
936	2
937	2
938	2
939	1
940	2
941	2
942	3
943	2
944	3
945	2
946	2
947	2
948	3
949	2
950	4
951	5
952	2
953	2
954	2
955	2
956	4
957	3
958	4
959	1
960	2
961	2
962	3
963	2
964	2
965	3
966	3
967	2
968	3
969	1
970	4
971	1
972	2
973	3
974	1
975	2
976	2
977	1
978	1
979	2
980	1
981	5
982	2
983	1
984	3
985	3
986	2
987	3
988	1
989	2
990	3
991	3
992	1
993	2
994	2
995	1
996	1
997	1
998	4
999	3
