1	0 1 2 3 4 6 7 
2	0 4 
3	1 3 4 5 6 7 
4	0 1 2 4 5 7 
5	1 3 5 6 7 
6	1 2 3 4 5 6 
7	1 
8	0 3 5 6 7 
9	1 2 3 4 6 7 
10	1 3 4 6 7 
11	0 1 2 3 4 7 
12	0 1 2 3 4 5 6 7 
13	2 
14	1 2 3 4 6 7 
15	1 2 4 6 
16	0 
17	1 2 3 4 5 6 7 
18	0 1 2 3 4 5 6 7 
19	0 1 2 3 4 5 6 
20	1 2 3 4 5 6 7 
21	0 1 2 3 4 5 6 7 
22	2 
23	1 2 3 4 5 6 
24	3 
25	1 2 3 5 6 7 
26	0 3 4 5 6 7 
27	1 2 4 5 6 
28	1 3 4 5 6 7 
29	0 1 2 3 4 5 6 
30	0 1 3 4 6 7 
31	5 6 
32	1 2 3 4 5 6 7 
33	0 1 2 3 4 5 6 
34	0 1 4 
35	0 2 3 4 5 6 7 
36	1 2 3 4 5 6 7 
37	2 5 6 
38	0 2 3 4 6 7 
39	0 1 2 3 4 5 
40	0 
41	0 1 2 3 5 6 7 
42	1 2 3 4 5 6 7 
43	4 5 
44	0 1 5 6 7 
45	2 3 4 5 6 7 
46	3 4 5 6 7 
47	0 1 2 3 5 6 7 
48	1 2 3 4 5 6 7 
49	1 3 4 5 6 7 
50	1 2 3 4 5 6 7 
51	0 1 2 4 5 7 
52	3 6 7 
53	0 2 3 4 5 7 
54	1 2 3 4 5 7 
55	0 1 2 4 5 6 
56	6 
57	1 2 3 7 
58	0 4 5 6 
59	1 2 3 4 5 6 7 
60	0 1 2 3 4 5 6 7 
61	0 1 3 5 6 
62	0 1 3 5 6 
63	1 3 4 6 7 
64	0 1 3 4 6 
65	0 
66	1 2 3 4 5 6 7 
67	0 1 2 4 5 6 7 
68	1 4 7 
69	3 4 5 6 
70	0 3 4 5 6 7 
71	0 1 2 4 5 
72	0 1 2 3 4 5 6 
73	1 2 3 5 6 7 
74	0 3 
75	1 3 4 5 7 
76	5 
77	0 1 3 4 5 6 7 
78	0 5 7 
79	0 1 2 3 4 5 
80	1 2 3 4 5 6 
81	0 1 2 3 4 5 6 7 
82	0 1 2 3 4 5 
83	0 1 4 5 
84	1 2 3 4 5 6 7 
85	1 2 3 4 5 6 7 
86	0 1 3 4 5 
87	1 2 3 4 5 7 
88	4 
89	2 3 4 5 6 7 
90	0 1 2 3 4 5 
91	0 1 4 5 6 7 
92	0 1 2 3 4 5 6 
93	0 4 5 6 
94	1 2 3 4 5 6 7 
95	1 3 4 5 6 
96	1 2 3 4 5 6 7 
97	1 2 4 5 6 7 
98	0 1 3 5 7 
99	1 2 3 5 7 
100	1 2 3 4 5 6 7 
101	0 1 2 3 6 
102	4 6 7 
103	1 3 4 6 
104	0 1 2 3 4 5 7 
105	0 2 4 6 
106	1 3 4 5 6 7 
107	1 2 3 4 5 
108	0 1 2 3 4 5 6 7 
109	1 
110	3 4 6 7 
111	1 3 4 5 6 
112	0 1 2 3 4 5 6 7 
113	0 2 3 4 5 6 7 
114	1 3 4 5 6 7 
115	6 
116	0 1 3 4 5 6 7 
117	0 1 3 4 5 6 7 
118	1 3 4 5 6 
119	0 1 3 4 5 6 
120	0 
121	0 1 3 6 7 
122	1 2 4 5 6 
123	0 1 2 4 5 6 
124	0 1 2 3 4 5 
125	0 1 2 5 6 7 
126	0 1 2 3 4 5 
127	1 3 4 5 6 7 
128	0 1 3 5 6 7 
129	1 2 3 5 6 7 
130	0 2 4 5 6 7 
131	0 1 3 4 6 7 
132	0 1 2 3 5 7 
133	0 1 2 4 5 7 
134	0 1 3 4 5 6 7 
135	1 3 4 5 6 7 
136	2 3 6 
137	1 2 3 5 6 
138	0 1 2 4 5 
139	0 
140	3 4 5 7 
141	0 1 2 3 4 5 6 
142	0 1 2 4 6 
143	0 1 2 3 4 5 6 7 
144	0 1 2 4 5 7 
145	0 1 2 3 5 6 7 
146	0 1 4 5 7 
147	2 3 4 6 7 
148	1 3 4 5 6 
149	1 3 5 6 7 
150	0 1 3 4 5 6 
151	4 
152	0 1 3 4 5 7 
153	1 
154	0 1 3 4 5 
155	0 3 4 6 
156	3 4 6 
157	0 1 2 3 5 6 
158	0 1 2 5 
159	0 1 2 3 5 6 7 
160	1 2 3 4 5 6 7 
161	2 3 4 6 7 
162	1 3 4 5 6 7 
163	0 2 4 6 7 
164	1 2 3 4 5 6 7 
165	0 1 2 3 6 7 
166	0 4 6 7 
167	1 2 4 5 7 
168	1 3 4 5 6 7 
169	0 1 2 6 
170	0 3 4 5 6 7 
171	1 2 4 5 6 7 
172	1 2 3 4 5 6 7 
173	0 1 4 
174	2 4 5 6 7 
175	0 2 3 5 
176	1 2 3 4 5 7 
177	0 1 2 5 7 
178	2 3 4 5 6 7 
179	0 3 4 5 6 7 
180	0 1 2 3 4 5 7 
181	1 2 3 4 5 6 7 
182	1 2 6 
183	0 1 2 3 6 7 
184	0 1 2 3 5 6 7 
185	1 3 4 5 6 
186	0 1 3 4 5 
187	1 2 3 4 5 6 7 
188	0 1 2 3 4 5 7 
189	1 2 3 4 6 7 
190	1 2 3 4 5 6 
191	0 1 4 6 
192	2 3 4 6 7 
193	0 1 2 3 4 5 6 
194	1 2 6 
195	1 2 7 
196	1 3 4 5 6 7 
197	1 4 6 
198	1 3 4 5 6 7 
199	0 1 2 3 4 6 
200	0 1 2 3 4 5 6 7 
201	1 2 3 4 6 7 
202	0 1 2 3 4 5 6 
203	0 1 2 3 4 5 6 
204	1 4 6 
205	1 2 3 4 5 7 
206	0 1 4 5 6 
207	0 1 2 3 5 6 7 
208	1 4 5 6 
209	1 2 3 4 5 6 7 
210	1 2 3 4 
211	3 4 5 6 7 
212	0 1 2 4 5 6 
213	0 1 2 4 6 7 
214	1 2 3 4 5 6 7 
215	1 3 4 5 6 
216	1 2 3 4 5 6 7 
217	1 3 4 5 7 
218	4 5 6 
219	0 2 3 4 5 6 7 
220	1 4 5 6 
221	0 1 2 3 6 
222	0 3 5 7 
223	1 2 4 5 6 7 
224	0 1 2 3 5 6 7 
225	0 
226	1 3 5 6 7 
227	0 1 3 4 5 6 7 
228	0 1 3 4 5 6 
229	1 3 4 5 6 7 
230	0 1 2 3 4 5 6 
231	0 
232	1 3 4 5 6 7 
233	0 3 4 5 7 
234	0 1 2 4 5 6 7 
235	0 1 2 3 4 5 6 7 
236	5 
237	0 1 3 4 5 6 7 
238	0 1 3 6 7 
239	0 1 3 4 5 6 7 
240	0 1 3 5 6 
241	0 1 2 3 4 5 6 7 
242	0 1 3 5 7 
243	0 1 3 4 5 6 7 
244	1 2 3 4 5 6 
245	1 3 5 6 
246	0 2 3 4 5 6 7 
247	0 1 3 5 6 
248	4 6 
249	1 2 3 4 
250	0 1 2 4 5 6 7 
251	0 1 2 4 6 7 
252	0 3 6 7 
253	1 3 5 6 7 
254	1 2 3 4 5 
255	1 2 3 5 6 7 
256	1 3 4 5 6 7 
257	0 1 2 3 5 6 
258	1 2 3 4 5 6 7 
259	0 1 3 4 5 6 
260	0 
261	1 3 4 6 7 
262	2 6 7 
263	1 3 4 5 6 
264	0 1 2 3 4 5 6 7 
265	0 1 2 3 5 6 7 
266	0 1 2 3 4 5 6 7 
267	1 2 4 5 6 
268	0 1 2 3 4 6 7 
269	1 2 3 4 5 6 7 
270	1 3 4 5 6 7 
271	0 2 3 4 6 7 
272	0 1 2 4 7 
273	4 5 7 
274	0 1 3 5 6 7 
275	2 3 4 5 6 7 
276	1 2 3 4 5 6 
277	0 1 2 3 4 5 6 
278	1 2 3 4 5 6 7 
279	0 1 2 3 4 6 
280	1 
281	1 2 3 4 5 
282	0 1 3 6 
283	6 
284	0 1 5 6 7 
285	0 2 3 4 5 
286	0 1 2 3 4 5 6 
287	1 2 4 5 6 7 
288	6 7 
289	0 1 3 4 5 7 
290	0 1 2 3 4 5 6 7 
291	1 2 3 4 5 6 7 
292	1 4 6 
293	1 3 4 6 7 
294	1 3 4 5 6 7 
295	0 2 3 4 5 6 7 
296	0 
297	1 2 3 4 5 6 7 
298	1 2 4 5 6 
299	1 2 3 4 5 7 
300	5 
301	1 2 3 4 5 6 7 
302	1 2 3 4 5 6 7 
303	0 1 2 3 4 5 
304	0 1 2 3 4 5 6 7 
305	0 1 4 5 7 
306	0 1 2 3 5 6 
307	1 2 3 4 6 
308	1 3 5 6 
309	0 1 2 3 4 5 6 7 
310	1 2 3 4 5 6 7 
311	1 3 4 5 6 7 
312	1 3 4 6 7 
313	1 2 3 5 7 
314	0 1 3 4 5 6 7 
315	1 4 5 6 7 
316	1 2 3 5 6 7 
317	0 3 4 5 6 7 
318	1 2 6 7 
319	0 1 3 4 6 7 
320	0 4 
321	1 3 4 5 6 7 
322	1 2 3 4 5 6 7 
323	4 
324	0 1 3 4 6 7 
325	1 2 3 4 5 6 
326	0 2 3 4 5 6 7 
327	1 5 6 
328	1 2 3 4 5 6 
329	0 2 3 4 6 7 
330	1 2 5 6 7 
331	0 1 3 4 5 
332	0 1 2 3 4 5 6 7 
333	1 2 4 5 6 
334	1 3 6 7 
335	0 1 2 3 4 5 6 7 
336	1 2 4 5 6 
337	0 1 3 4 5 6 
338	0 1 2 3 4 5 6 7 
339	1 
340	1 3 4 5 6 7 
341	1 2 3 4 5 6 
342	0 4 5 6 
343	0 1 2 3 4 6 
344	0 1 3 4 5 6 7 
345	1 3 4 5 6 7 
346	0 1 2 4 5 6 7 
347	0 1 3 5 6 
348	0 1 2 3 4 
349	2 7 
350	2 3 4 5 6 
351	6 
352	1 2 3 4 5 6 7 
353	0 1 3 4 5 6 7 
354	4 
355	1 3 4 5 6 
356	0 1 2 4 5 6 7 
357	0 1 2 4 5 6 7 
358	6 
359	0 1 2 3 4 6 7 
360	0 1 2 3 4 5 6 7 
361	0 1 3 5 6 7 
362	6 
363	0 2 3 4 6 7 
364	0 2 3 4 5 7 
365	1 2 4 5 7 
366	0 1 2 3 4 5 6 7 
367	0 2 4 6 7 
368	1 3 4 6 7 
369	0 1 2 3 5 6 
370	0 1 2 3 4 6 
371	0 1 3 5 6 7 
372	0 1 2 6 
373	0 1 2 3 6 
374	4 5 6 7 
375	1 2 3 4 5 6 7 
376	1 6 
377	1 3 4 5 7 
378	0 1 2 3 4 5 6 7 
379	1 3 4 5 6 
380	4 6 7 
381	1 2 3 4 5 6 7 
382	1 2 3 4 5 6 
383	2 3 5 7 
384	0 1 2 3 5 6 7 
385	0 1 2 3 4 5 6 7 
386	0 2 4 5 6 
387	1 2 4 5 
388	0 1 2 3 4 5 6 7 
389	0 1 2 3 4 5 6 7 
390	1 3 4 5 6 7 
391	0 2 3 4 5 6 7 
392	1 2 3 5 6 
393	0 2 4 5 6 
394	1 3 4 5 6 
395	0 1 2 3 4 5 6 
396	1 2 3 4 6 
397	0 1 3 6 
398	0 1 2 3 4 5 6 
399	1 2 3 5 6 
400	0 4 6 
401	1 2 3 4 5 6 
402	0 1 2 4 5 6 7 
403	1 2 3 4 5 6 7 
404	0 1 2 4 5 7 
405	0 2 3 4 5 6 
406	4 6 7 
407	1 2 3 4 5 6 
408	1 2 3 5 6 7 
409	0 1 2 4 6 
410	1 2 4 5 7 
411	1 
412	0 1 3 4 5 6 
413	1 3 4 5 6 7 
414	0 1 2 6 7 
415	0 1 2 3 4 5 6 
416	0 1 3 4 6 7 
417	0 1 2 3 4 5 6 7 
418	4 5 7 
419	0 1 3 4 5 6 7 
420	0 3 4 5 6 
421	1 3 5 6 7 
422	0 1 2 3 5 6 
423	0 3 6 
424	0 1 3 6 7 
425	1 2 3 6 
426	0 1 3 4 5 6 7 
427	0 1 2 3 4 5 6 7 
428	1 2 3 4 5 6 
429	0 3 4 6 7 
430	0 1 2 4 6 
431	1 3 4 5 6 7 
432	0 1 3 4 6 7 
433	0 1 2 3 4 5 6 
434	0 1 2 3 4 5 6 7 
435	0 1 3 4 5 7 
436	0 1 2 7 
437	1 2 4 7 
438	0 1 2 3 4 5 6 7 
439	1 2 3 4 5 6 7 
440	0 1 3 4 5 6 
441	5 
442	1 2 4 5 6 7 
443	2 3 4 5 6 
444	0 3 5 6 7 
445	1 2 3 4 5 6 7 
446	0 1 3 4 5 6 7 
447	1 2 4 5 6 7 
448	0 1 2 3 4 5 7 
449	0 
450	0 1 3 4 5 6 
451	0 4 6 
452	1 3 4 6 7 
453	1 2 3 4 5 6 
454	0 2 3 4 6 
455	1 3 4 5 6 7 
456	0 2 3 
457	1 2 3 4 5 6 7 
458	1 2 3 4 5 6 7 
459	1 4 5 6 7 
460	1 2 3 5 6 7 
461	0 1 2 3 4 5 6 
462	6 
463	1 2 3 4 5 6 
464	0 4 
465	1 3 4 5 
466	1 3 4 5 6 7 
467	0 1 2 3 4 5 6 
468	1 3 4 5 6 7 
469	0 1 2 4 5 6 
470	1 2 3 5 6 7 
471	3 4 5 6 7 
472	1 2 4 5 6 7 
473	1 2 3 4 7 
474	0 1 2 3 4 5 6 7 
475	0 1 3 4 5 6 7 
476	1 2 3 4 5 6 7 
477	0 3 6 7 
478	2 3 4 5 6 7 
479	0 1 2 3 4 5 6 
480	1 3 4 5 6 7 
481	1 3 4 5 6 
482	1 2 3 4 5 6 
483	1 2 4 5 
484	0 1 4 5 6 7 
485	0 1 2 3 5 
486	1 3 4 5 6 
487	0 1 2 4 5 6 
488	0 1 2 4 7 
489	0 1 2 3 5 6 7 
490	0 1 2 4 5 6 7 
491	0 1 3 5 6 7 
492	1 3 4 6 
493	0 1 2 3 4 5 6 7 
494	0 3 5 7 
495	1 2 3 6 7 
496	1 3 4 5 6 
497	1 2 4 5 6 7 
498	0 1 2 4 5 7 
499	0 6 
500	0 1 3 4 5 6 7 
501	0 2 4 
502	1 4 5 6 7 
503	1 2 3 4 5 6 7 
504	0 1 3 4 5 6 7 
505	1 3 4 5 6 
506	1 2 3 4 5 6 7 
507	0 1 3 4 5 6 7 
508	0 1 6 
509	3 4 5 6 7 
510	1 5 6 
511	1 2 4 5 6 
512	6 
513	1 3 4 5 6 7 
514	1 2 3 4 5 6 7 
515	0 1 2 3 4 5 6 7 
516	3 6 
517	0 1 3 4 5 6 7 
518	0 1 2 3 4 5 6 
519	0 1 2 5 6 7 
520	0 1 2 3 4 5 6 7 
521	1 2 3 4 5 6 
522	0 4 5 6 
523	1 2 3 5 6 7 
524	0 1 4 5 7 
525	0 4 6 
526	1 
527	2 3 5 6 7 
528	0 1 2 3 4 5 6 7 
529	2 3 4 5 6 7 
530	0 1 3 4 5 6 7 
531	0 1 4 6 7 
532	0 3 4 5 6 7 
533	1 2 3 4 5 6 7 
534	0 1 3 5 6 7 
535	0 1 3 4 5 
536	3 4 6 7 
537	0 1 4 5 6 7 
538	1 2 3 4 5 6 7 
539	0 1 4 5 7 
540	1 3 5 7 
541	0 1 2 3 4 5 
542	0 4 5 7 
543	1 5 6 
544	1 2 3 4 6 
545	1 2 3 5 
546	2 3 4 5 6 7 
547	0 1 2 4 5 
548	0 1 2 3 5 7 
549	1 3 
550	1 2 3 5 6 7 
551	0 1 2 3 4 5 6 
552	1 3 4 5 6 
553	1 2 3 4 5 6 7 
554	6 
555	2 3 4 6 
556	0 1 2 6 
557	1 2 3 4 6 
558	5 
559	1 4 5 6 7 
560	0 1 3 4 5 6 7 
561	0 1 2 3 5 6 
562	2 3 4 5 6 7 
563	1 3 4 5 6 7 
564	1 3 4 5 6 
565	0 1 2 3 4 5 6 7 
566	2 3 4 5 6 7 
567	0 1 2 3 4 5 6 
568	2 3 4 5 6 
569	1 3 4 5 6 7 
570	1 3 5 7 
571	0 1 2 4 6 
572	0 1 3 4 5 6 
573	1 3 4 5 6 7 
574	1 2 3 4 5 6 7 
575	0 1 3 4 5 7 
576	0 1 2 3 4 5 6 7 
577	1 2 3 4 7 
578	0 1 2 3 4 7 
579	1 2 3 4 
580	3 4 5 6 7 
581	0 1 2 3 5 6 
582	1 2 5 6 
583	1 2 3 4 5 6 
584	1 
585	4 5 6 7 
586	0 1 2 3 4 5 6 
587	0 1 3 4 5 7 
588	1 2 3 5 6 7 
589	1 2 3 4 5 6 7 
590	1 2 3 4 6 7 
591	0 1 2 3 5 6 
592	4 5 7 
593	0 
594	2 3 4 5 6 7 
595	1 2 3 4 5 6 
596	0 
597	1 2 4 5 6 7 
598	1 2 3 5 6 7 
599	1 2 3 5 6 7 
600	0 2 3 4 5 6 7 
601	0 1 2 4 5 6 7 
602	1 3 4 5 
603	3 4 5 6 7 
604	3 4 6 7 
605	1 2 3 5 6 7 
606	0 1 3 4 5 6 7 
607	0 1 2 4 5 7 
608	6 
609	1 3 5 6 7 
610	0 
611	2 3 4 5 6 7 
612	1 2 3 4 5 6 
613	1 2 3 4 5 
614	1 2 3 4 5 6 7 
615	1 3 4 5 6 7 
616	6 
617	0 1 2 3 4 5 6 7 
618	1 3 4 5 6 7 
619	4 6 
620	0 1 2 3 4 5 6 7 
621	1 
622	0 1 2 3 4 5 6 
623	1 2 3 5 
624	1 2 3 4 5 6 7 
625	1 4 5 6 
626	2 5 
627	0 1 3 4 5 6 
628	0 1 5 7 
629	1 3 4 6 7 
630	0 1 2 3 4 5 6 7 
631	1 2 3 4 7 
632	2 3 4 5 6 7 
633	0 1 2 3 5 6 7 
634	0 1 2 3 4 5 6 
635	1 2 4 5 6 
636	0 1 3 5 6 
637	1 2 3 
638	6 
639	1 2 3 4 5 6 7 
640	0 1 4 5 6 7 
641	0 6 
642	0 1 3 4 6 7 
643	0 1 2 3 5 6 7 
644	0 
645	1 2 3 4 5 6 7 
646	0 1 2 5 7 
647	6 
648	1 3 5 6 7 
649	0 1 2 3 5 
650	1 2 3 4 5 6 7 
651	0 1 2 3 4 5 7 
652	1 2 3 4 5 7 
653	6 
654	0 1 2 3 4 5 6 
655	0 1 2 3 4 5 7 
656	1 3 4 5 6 
657	0 2 3 4 5 
658	1 2 4 5 
659	0 2 4 6 
660	0 1 3 5 6 7 
661	0 
662	0 1 3 6 
663	4 5 
664	1 3 4 5 
665	0 1 2 3 5 7 
666	2 3 4 5 6 
667	1 3 4 6 7 
668	0 2 4 5 6 7 
669	1 3 4 5 6 7 
670	6 
671	0 2 3 4 5 7 
672	2 5 
673	1 2 3 5 6 7 
674	0 1 2 3 4 5 6 7 
675	0 1 3 4 5 7 
676	0 1 3 4 5 6 7 
677	2 3 4 5 6 
678	0 1 2 3 4 7 
679	1 3 4 7 
680	1 2 3 4 6 7 
681	0 1 2 4 5 6 
682	2 3 4 6 7 
683	0 1 3 5 6 7 
684	1 2 3 4 6 
685	0 2 4 6 7 
686	0 1 2 3 4 5 6 7 
687	0 1 4 5 6 7 
688	7 
689	1 2 3 4 5 6 
690	0 1 3 4 5 6 7 
691	1 2 3 5 7 
692	1 2 4 6 7 
693	0 4 5 6 
694	0 1 3 4 6 7 
695	0 1 5 6 7 
696	0 1 2 3 4 5 6 
697	0 1 2 4 5 7 
698	3 4 5 6 7 
699	0 2 3 4 5 6 7 
700	2 3 4 5 6 
701	1 4 5 6 
702	2 4 
703	0 1 2 3 4 7 
704	1 2 4 5 6 
705	0 4 5 6 
706	1 2 3 4 6 7 
707	0 1 2 4 5 6 7 
708	0 1 4 5 6 7 
709	0 4 
710	1 2 3 4 5 7 
711	0 1 2 3 4 5 6 7 
712	0 1 4 7 
713	1 3 4 6 
714	1 2 3 5 6 7 
715	1 5 
716	0 1 2 3 4 5 6 
717	6 
718	0 1 2 3 4 7 
719	0 1 2 3 4 6 7 
720	7 
721	1 3 4 5 6 7 
722	0 2 3 5 6 
723	3 4 5 6 7 
724	1 2 4 5 6 7 
725	3 
726	1 4 5 6 7 
727	1 3 5 6 7 
728	0 1 2 3 5 7 
729	1 3 5 6 7 
730	1 3 4 5 6 7 
731	1 6 
732	0 2 4 6 
733	0 1 2 3 4 6 
734	1 2 3 4 5 6 
735	0 1 2 3 4 5 6 7 
736	2 4 6 
737	2 4 5 6 7 
738	0 1 2 3 4 5 
739	0 1 2 
740	0 1 2 3 4 5 6 
741	0 1 3 4 5 
742	1 3 6 7 
743	0 3 5 6 
744	1 4 5 7 
745	1 3 6 7 
746	0 1 3 4 5 6 
747	3 4 
748	0 1 3 4 5 7 
749	0 2 6 
750	0 1 2 4 5 6 
751	1 5 
752	1 3 4 6 7 
753	1 2 3 4 5 6 7 
754	0 1 2 4 5 6 
755	0 1 2 4 7 
756	0 1 2 4 5 6 
757	1 2 3 4 5 6 7 
758	0 3 4 5 6 
759	1 2 3 4 5 6 7 
760	0 1 2 3 5 
761	0 1 3 4 5 6 7 
762	1 6 
763	0 1 2 3 4 5 6 7 
764	0 1 2 3 4 5 7 
765	1 3 4 5 6 
766	0 1 3 
767	2 3 4 5 6 7 
768	3 4 6 7 
769	1 2 3 4 5 6 7 
770	2 3 4 5 6 
771	1 2 3 4 5 6 7 
772	0 1 2 3 4 5 6 7 
773	5 
774	0 2 3 5 6 7 
775	0 1 2 3 4 5 6 7 
776	3 
777	0 1 2 4 5 7 
778	4 6 
779	1 2 3 7 
780	4 
781	1 3 4 5 6 7 
782	0 1 2 3 4 5 6 7 
783	0 1 5 
784	0 1 2 3 5 6 7 
785	0 2 5 6 7 
786	0 1 2 3 4 5 6 
787	0 1 2 4 5 6 7 
788	1 2 3 4 6 7 
789	0 1 3 5 6 
790	0 3 4 5 6 7 
791	0 1 2 3 4 5 6 
792	2 6 7 
793	1 3 4 5 7 
794	1 2 3 4 5 6 7 
795	1 2 3 4 5 7 
796	1 3 4 5 6 7 
797	0 1 2 4 5 6 
798	0 2 6 
799	0 1 2 3 4 5 6 7 
800	1 2 4 6 
801	1 2 3 4 6 7 
802	0 1 3 4 5 7 
803	0 3 5 6 7 
804	0 1 3 5 6 7 
805	1 4 5 7 
806	0 1 3 4 5 6 7 
807	1 2 3 4 5 6 
808	1 2 3 4 6 7 
809	0 1 2 3 4 5 6 7 
810	0 1 2 4 5 
811	0 1 2 3 4 5 6 7 
812	0 2 3 4 5 6 7 
813	1 2 3 4 6 7 
814	0 1 3 4 5 6 7 
815	2 3 4 5 7 
816	0 1 2 3 4 5 6 7 
817	0 1 3 6 7 
818	1 3 4 5 6 7 
819	0 1 2 3 4 5 6 7 
820	0 1 2 3 5 7 
821	3 5 6 7 
822	0 1 2 4 6 7 
823	0 1 2 3 4 6 7 
824	1 2 5 6 
825	6 
826	1 3 5 6 7 
827	2 3 4 5 6 
828	0 1 2 4 5 6 7 
829	4 
830	1 2 3 5 6 7 
831	1 6 7 
832	0 1 2 3 4 5 6 
833	0 2 4 5 6 7 
834	0 1 2 3 5 7 
835	0 1 3 4 5 6 
836	0 
837	1 3 4 6 7 
838	1 2 4 5 6 7 
839	0 2 3 5 6 7 
840	0 1 2 3 4 5 6 7 
841	0 2 3 4 5 6 
842	0 1 2 3 4 5 6 7 
843	1 2 5 6 7 
844	1 3 4 5 6 
845	0 1 3 4 5 7 
846	0 2 4 5 6 
847	0 1 2 3 4 5 6 7 
848	1 3 5 6 7 
849	3 4 5 6 
850	1 4 6 7 
851	0 1 3 4 5 6 
852	1 2 3 4 5 
853	1 3 4 6 7 
854	0 1 2 3 4 6 7 
855	2 3 4 6 7 
856	1 2 3 4 5 6 7 
857	1 2 3 4 5 6 7 
858	3 4 5 6 
859	0 1 2 3 4 5 7 
860	1 3 4 6 7 
861	0 1 2 3 4 6 7 
862	0 4 5 6 7 
863	1 4 6 7 
864	1 2 4 5 6 7 
865	1 7 
866	1 2 3 5 6 7 
867	1 3 4 5 6 
868	0 6 
869	1 2 3 5 6 7 
870	0 2 3 4 5 6 7 
871	0 2 3 4 5 6 7 
872	1 3 4 6 7 
873	0 1 2 4 6 7 
874	0 1 2 3 4 5 6 7 
875	0 1 2 3 4 5 6 
876	2 
877	0 2 3 5 6 7 
878	1 2 3 4 5 6 7 
879	1 2 3 4 5 6 
880	0 2 3 4 5 6 
881	0 1 2 3 4 5 6 7 
882	3 4 6 7 
883	0 1 3 4 5 6 
884	0 1 
885	1 2 3 4 5 6 7 
886	1 3 5 
887	1 2 4 6 7 
888	1 4 7 
889	1 2 3 4 5 6 7 
890	1 2 4 5 6 
891	0 1 2 3 5 6 
892	0 1 2 3 4 5 6 7 
893	0 1 4 
894	3 5 7 
895	0 2 3 5 
896	1 3 4 5 6 7 
897	0 1 2 3 5 6 
898	1 2 3 4 5 
899	0 1 2 3 4 5 6 
900	0 1 2 3 4 5 6 7 
901	0 1 2 3 5 6 
902	0 1 3 5 6 
903	1 2 3 5 7 
904	0 1 2 3 4 5 6 
905	1 2 3 5 6 7 
906	4 5 6 7 
907	0 1 2 3 5 6 
908	0 
909	1 6 7 
910	1 2 3 4 5 7 
911	0 1 2 3 4 5 6 7 
912	0 2 4 6 
913	0 1 2 3 5 6 7 
914	0 2 4 5 
915	0 2 5 6 7 
916	1 3 5 6 
917	1 3 4 5 6 
918	0 1 2 4 5 6 
919	2 3 4 5 6 7 
920	0 
921	0 1 3 4 5 6 7 
922	1 4 
923	0 2 3 6 7 
924	1 2 3 4 5 6 7 
925	0 1 2 3 4 
926	0 3 6 7 
927	0 1 2 3 4 5 6 
928	1 2 3 4 5 6 
929	0 1 2 3 4 5 6 
930	0 1 2 4 5 6 7 
931	1 5 
932	0 1 2 3 5 6 
933	0 1 2 3 5 6 7 
934	0 1 3 6 7 
935	1 2 3 5 7 
936	0 1 2 3 5 6 7 
937	0 1 2 3 4 5 6 7 
938	0 1 2 4 6 7 
939	0 1 3 5 6 7 
940	0 1 2 3 5 7 
941	3 6 7 
942	1 2 4 5 6 7 
943	0 1 3 4 5 6 7 
944	1 3 4 5 6 
945	1 2 3 4 5 6 
946	0 1 3 4 5 6 
947	1 2 3 4 5 6 
948	0 2 7 
949	1 2 3 4 5 6 7 
950	0 1 3 4 5 6 
951	0 1 3 5 
952	0 1 3 4 5 7 
953	3 5 6 7 
954	0 3 5 6 7 
955	0 2 3 4 6 
956	1 2 3 4 5 7 
957	0 1 3 4 5 6 7 
958	1 2 3 6 7 
959	0 1 3 5 6 7 
960	0 3 6 
961	0 1 3 4 6 7 
962	0 1 3 4 5 6 7 
963	0 1 2 4 6 
964	1 2 3 4 5 6 7 
965	4 
966	1 3 4 5 6 7 
967	0 3 6 7 
968	1 3 4 6 7 
969	1 2 3 4 5 7 
970	0 4 
971	0 3 4 6 7 
972	2 3 4 5 6 7 
973	0 1 2 3 4 5 6 
974	1 2 3 4 5 6 
975	0 1 2 5 6 7 
976	0 1 2 3 4 5 6 7 
977	0 1 4 6 7 
978	1 3 5 6 7 
979	1 3 4 5 7 
980	0 6 7 
981	1 3 4 5 6 7 
982	1 2 3 4 5 6 7 
983	1 4 5 6 
984	5 
985	0 1 3 4 5 6 
986	5 6 
987	6 
988	0 1 2 3 5 6 7 
989	0 1 2 3 4 5 6 7 
990	0 1 2 4 5 6 
991	0 2 3 4 6 7 
992	1 2 3 5 6 7 
993	1 4 6 
994	0 6 
995	1 2 3 4 5 6 7 
996	0 1 6 7 
997	0 2 3 4 5 6 7 
998	0 3 4 6 7 
999	0 1 2 3 4 5 6 
1000	4 5 6 7 
1001	0 1 2 3 4 5 6 7 
1002	0 1 2 3 4 5 
1003	1 2 3 4 5 7 
1004	3 4 
1005	0 1 2 3 5 6 7 
1006	0 1 2 3 4 5 7 
1007	0 5 
1008	2 3 4 5 6 
1009	2 3 4 7 
1010	0 2 3 6 7 
1011	1 2 3 4 5 6 7 
1012	0 1 2 3 4 5 6 7 
1013	1 2 3 4 5 6 7 
1014	0 1 2 3 4 5 6 
1015	1 2 3 4 5 6 7 
1016	0 1 3 4 6 
1017	1 2 3 4 5 6 7 
1018	0 1 4 6 7 
1019	0 1 2 4 5 6 7 
1020	1 2 3 4 5 7 
1021	0 1 3 4 6 
1022	1 2 3 4 5 6 
1023	0 1 2 4 6 7 
1024	0 1 3 4 5 6 7 
1025	1 2 3 4 5 6 7 
1026	1 3 4 5 
1027	0 1 5 6 
1028	1 3 5 6 
1029	0 1 3 4 5 6 
1030	0 1 4 5 
1031	0 1 2 4 5 7 
1032	0 1 3 5 6 
1033	0 2 3 4 5 6 
1034	0 1 2 3 4 5 6 
1035	1 2 3 4 5 6 7 
1036	0 3 4 5 6 7 
1037	0 1 2 3 4 5 6 
1038	4 5 
1039	0 1 2 4 6 7 
1040	0 1 2 3 4 5 6 7 
1041	1 4 5 6 
1042	1 4 5 6 
1043	0 1 2 3 6 7 
1044	1 2 3 5 6 7 
1045	1 2 3 4 5 6 7 
1046	0 1 2 
1047	0 1 2 3 4 6 7 
1048	1 3 4 5 
1049	1 2 3 5 6 7 
1050	0 1 2 3 4 5 6 7 
1051	4 5 
1052	1 3 4 5 6 7 
1053	0 4 5 6 7 
1054	2 
1055	1 2 3 4 5 7 
1056	1 3 4 5 6 7 
1057	0 1 2 3 5 6 7 
1058	4 
1059	0 1 2 3 4 5 6 7 
1060	1 2 5 
1061	0 1 2 3 4 5 6 
1062	1 3 4 5 6 7 
1063	0 1 2 3 4 5 6 7 
1064	3 5 6 7 
1065	1 2 3 4 5 7 
1066	0 4 7 
1067	0 1 2 3 4 5 7 
1068	1 2 4 5 6 7 
1069	0 1 2 6 
1070	0 1 2 3 5 6 7 
1071	0 1 2 4 5 6 7 
1072	0 1 2 3 4 6 7 
1073	0 1 2 6 
1074	0 1 3 4 5 7 
1075	0 1 4 6 
1076	0 1 2 3 4 5 6 
1077	1 2 3 4 5 
1078	0 1 3 4 6 7 
1079	1 2 3 4 5 6 7 
1080	0 1 2 3 4 5 6 
1081	0 1 2 3 4 6 7 
1082	1 2 3 4 5 6 7 
1083	0 3 4 5 6 
1084	3 4 5 6 
1085	0 1 3 5 7 
1086	0 2 3 4 5 6 7 
1087	0 1 2 3 4 5 6 7 
1088	0 4 6 
1089	1 3 4 5 6 7 
1090	1 2 3 4 5 6 
1091	0 1 3 4 5 7 
1092	1 4 5 6 7 
1093	1 2 3 4 5 6 7 
1094	0 1 2 4 6 
1095	1 3 5 6 
1096	1 2 3 4 5 6 
1097	1 2 3 5 6 7 
1098	1 3 4 5 
1099	0 2 4 
1100	1 2 5 6 7 
1101	0 1 2 4 5 6 7 
1102	0 1 2 3 4 5 6 7 
1103	0 1 4 6 7 
1104	1 3 5 6 7 
1105	0 1 5 6 7 
1106	1 2 3 4 5 6 7 
1107	0 1 3 4 5 6 
1108	0 1 2 3 4 5 6 7 
1109	1 3 4 5 6 
1110	0 1 2 3 4 5 6 
1111	0 4 6 7 
1112	0 1 2 3 4 6 7 
1113	0 1 2 5 6 
1114	2 3 4 5 6 7 
1115	0 
1116	1 3 5 6 7 
1117	0 1 2 4 5 6 
1118	0 1 2 3 4 5 6 7 
1119	0 1 3 4 5 7 
1120	1 2 3 4 5 6 7 
1121	1 2 3 4 5 6 
1122	0 1 2 4 5 6 7 
1123	2 3 5 6 7 
1124	3 4 5 6 
1125	1 3 4 5 6 
1126	2 3 4 5 6 7 
1127	0 1 3 4 5 7 
1128	5 
1129	1 2 3 5 6 7 
1130	0 1 3 4 5 6 
1131	0 1 2 
1132	0 1 5 6 7 
1133	1 3 4 6 7 
1134	1 3 4 5 6 
1135	0 1 3 4 5 6 7 
1136	1 4 5 
1137	0 1 2 3 4 5 7 
1138	1 4 5 6 
1139	1 3 4 5 
1140	0 1 3 5 6 
1141	1 2 5 6 
1142	0 4 5 
1143	2 3 4 5 6 
1144	0 1 2 3 4 7 
1145	0 1 2 3 4 5 6 7 
1146	1 2 4 6 7 
1147	1 2 3 4 5 7 
1148	0 1 2 4 6 
1149	1 2 3 4 5 6 
1150	1 3 4 6 
1151	0 2 6 
1152	1 2 3 4 5 7 
1153	0 1 3 5 6 7 
1154	1 3 4 5 6 7 
1155	0 1 2 3 4 5 6 7 
1156	0 1 3 4 6 
1157	1 2 3 4 5 6 
1158	0 2 6 7 
1159	1 2 4 5 6 7 
1160	7 
1161	0 2 3 6 7 
1162	1 3 4 5 6 
1163	1 2 3 4 5 6 
1164	0 2 4 6 7 
1165	0 1 2 5 7 
1166	0 4 
1167	0 1 2 3 5 6 7 
1168	0 2 3 4 
1169	1 2 3 4 5 6 7 
1170	0 1 2 3 4 5 6 7 
1171	0 3 7 
1172	0 1 3 4 5 6 
1173	1 2 3 4 5 6 7 
1174	1 2 3 4 5 6 7 
1175	1 3 4 5 6 
1176	0 1 2 3 4 5 6 7 
1177	4 5 
1178	0 1 2 3 4 6 7 
1179	0 1 2 3 5 6 7 
1180	1 2 3 4 5 6 7 
1181	1 2 3 4 5 6 7 
1182	2 3 4 5 6 7 
1183	1 2 3 4 5 6 7 
1184	6 
1185	0 3 4 5 
1186	1 2 3 4 5 6 
1187	0 1 5 6 
1188	0 1 3 4 5 7 
1189	1 2 5 6 7 
1190	0 1 3 4 5 6 
1191	1 5 6 
1192	0 2 3 5 6 
1193	0 1 4 
1194	3 6 7 
1195	0 1 2 3 4 5 6 7 
1196	0 1 3 4 5 6 7 
1197	0 1 2 3 4 5 6 7 
1198	0 1 3 4 5 6 7 
1199	0 1 4 5 6 7 
1200	1 2 3 4 6 7 
1201	1 4 5 6 7 
1202	3 
1203	1 2 3 4 5 7 
1204	4 
1205	0 1 2 3 4 5 7 
1206	1 2 3 4 5 6 7 
1207	1 2 3 4 
1208	0 1 2 4 5 6 7 
1209	1 
1210	1 2 3 6 7 
1211	0 1 2 3 4 5 6 
1212	0 2 3 4 5 6 7 
1213	0 1 2 4 5 6 
1214	0 1 3 4 5 6 7 
1215	0 1 2 3 5 6 7 
1216	5 
1217	1 2 3 6 7 
1218	1 2 3 4 5 6 
1219	0 1 2 3 4 5 7 
1220	1 5 6 7 
1221	0 1 2 3 4 5 6 7 
1222	1 3 4 5 6 
1223	0 4 
1224	1 2 3 4 5 6 7 
1225	0 2 4 6 
1226	0 1 2 3 4 5 6 7 
1227	1 4 6 
1228	1 3 5 6 7 
1229	0 1 2 4 5 6 7 
1230	0 1 2 3 4 5 6 
1231	0 1 4 6 7 
1232	0 1 2 5 
1233	0 1 2 3 4 5 6 
1234	0 1 2 3 4 5 6 7 
1235	1 2 3 5 6 7 
1236	2 3 4 5 7 
1237	0 2 3 4 5 6 7 
1238	0 1 2 3 4 6 7 
1239	0 1 2 4 6 7 
1240	1 2 
1241	0 1 2 3 5 7 
1242	0 5 7 
1243	3 6 7 
1244	0 1 3 4 5 6 
1245	0 1 4 5 7 
1246	0 1 2 3 4 5 6 7 
1247	0 1 2 3 4 5 6 7 
1248	1 3 4 5 6 7 
1249	5 7 
1250	1 2 3 6 7 
1251	3 4 5 6 7 
1252	0 1 2 5 6 7 
1253	2 3 4 5 6 7 
1254	0 1 2 3 4 5 6 7 
1255	3 4 5 6 7 
1256	0 1 2 3 5 6 
1257	1 2 7 
1258	1 2 3 4 5 6 7 
1259	1 3 4 5 6 7 
1260	1 3 6 7 
1261	0 1 2 4 5 6 
1262	1 4 6 
1263	2 3 4 5 6 7 
1264	1 2 3 4 5 6 7 
1265	2 4 
1266	1 4 6 7 
1267	0 1 3 5 6 
1268	0 2 4 7 
1269	1 2 3 4 5 6 7 
1270	0 1 4 5 6 7 
1271	0 3 4 5 6 
1272	0 1 2 3 4 5 7 
1273	0 3 5 6 7 
1274	0 1 3 4 5 6 7 
1275	0 
1276	1 2 3 4 5 7 
1277	1 4 5 6 7 
1278	1 3 5 6 
1279	2 5 6 7 
1280	1 2 3 5 6 7 
1281	1 2 3 4 5 6 
1282	1 
1283	1 3 4 6 7 
1284	0 2 3 4 5 6 7 
1285	4 
1286	0 1 2 3 4 6 7 
1287	1 2 3 4 5 6 
1288	3 4 
1289	0 1 2 3 4 5 6 7 
1290	1 2 3 4 5 6 7 
1291	2 4 5 6 
1292	1 2 3 4 5 6 
1293	2 
1294	0 1 2 5 6 7 
1295	1 3 4 5 
1296	0 3 4 5 6 
1297	1 2 3 5 
1298	1 3 6 7 
1299	1 2 3 4 5 6 7 
1300	0 1 2 3 4 5 6 7 
1301	1 2 6 
1302	1 3 4 5 6 7 
1303	0 1 3 4 5 6 7 
1304	1 2 3 4 5 6 7 
1305	0 1 2 4 5 6 7 
1306	0 1 2 4 5 6 7 
1307	1 2 3 4 5 6 7 
1308	3 4 5 6 7 
1309	0 1 2 3 4 6 
1310	1 2 3 4 7 
1311	1 5 
1312	1 3 5 6 7 
1313	1 2 3 4 5 6 7 
1314	2 
1315	3 6 7 
1316	1 2 3 4 5 6 7 
1317	3 
1318	0 1 2 3 4 5 6 7 
1319	0 1 2 3 4 5 6 
1320	0 1 2 4 6 7 
1321	0 1 2 3 5 7 
1322	1 2 3 4 5 6 7 
1323	0 2 5 
1324	1 3 4 5 6 
1325	3 5 6 7 
1326	0 1 3 4 5 6 7 
1327	6 
1328	1 3 4 5 7 
1329	0 2 3 4 5 6 
1330	0 1 2 3 4 5 6 
1331	0 1 2 3 4 5 6 7 
1332	1 3 4 5 6 7 
1333	1 3 4 5 7 
1334	0 1 2 3 4 5 6 
1335	0 1 3 4 5 6 7 
1336	0 2 4 5 6 
1337	1 3 4 5 6 7 
1338	1 2 3 4 5 6 7 
1339	1 6 
1340	1 2 3 4 6 7 
1341	1 3 4 5 6 7 
1342	0 1 2 3 4 
1343	1 2 3 4 5 6 7 
1344	1 2 4 5 6 7 
1345	0 1 2 3 5 6 7 
1346	0 1 2 3 4 6 7 
1347	0 1 2 3 4 5 7 
1348	0 2 3 4 5 7 
1349	0 1 2 3 4 5 6 7 
1350	0 1 2 3 5 7 
1351	0 1 3 4 5 6 7 
1352	0 1 2 3 4 6 7 
1353	0 1 
1354	1 2 3 4 5 6 7 
1355	6 
1356	0 1 2 3 4 5 6 7 
1357	1 2 3 4 5 6 7 
1358	1 3 4 5 
1359	1 2 3 4 5 6 
1360	0 1 3 5 6 
1361	1 3 4 5 6 7 
1362	1 4 5 6 
1363	0 1 3 4 5 6 7 
1364	0 1 3 5 6 7 
1365	1 2 3 4 6 
1366	0 1 2 3 4 5 6 
1367	4 5 
1368	0 1 2 3 4 5 7 
1369	0 1 3 5 6 
1370	1 2 3 6 7 
1371	1 2 3 4 5 6 
1372	0 1 2 3 4 5 6 
1373	1 3 4 6 7 
1374	0 1 3 4 5 6 7 
1375	1 2 3 4 5 6 
1376	1 2 3 4 7 
1377	0 4 5 6 
1378	0 2 4 5 6 7 
1379	0 
1380	1 3 6 7 
1381	1 2 4 
1382	1 3 4 5 7 
1383	1 2 3 4 5 6 7 
1384	0 1 2 4 5 6 7 
1385	0 1 3 4 5 7 
1386	2 3 4 6 
1387	0 1 2 3 4 5 6 
1388	0 1 3 4 6 7 
1389	0 1 2 3 4 5 6 7 
1390	1 3 4 5 6 7 
1391	1 3 4 5 6 7 
1392	3 
1393	5 6 
1394	1 4 5 6 
1395	1 2 3 5 6 7 
1396	1 2 3 4 5 6 7 
1397	0 4 5 
1398	1 3 4 6 
1399	1 2 3 4 5 6 
1400	0 1 2 3 4 6 7 
1401	1 2 3 5 6 
1402	1 6 
1403	1 3 4 5 6 
1404	2 4 6 7 
1405	1 3 4 5 6 7 
1406	0 1 3 6 7 
1407	1 2 3 4 5 6 7 
1408	0 1 2 3 4 5 6 
1409	0 7 
1410	0 1 2 3 4 5 6 7 
1411	7 
1412	3 5 6 7 
1413	1 4 5 6 7 
1414	1 2 6 
1415	1 2 3 5 6 7 
1416	0 1 2 3 4 5 6 7 
1417	1 2 4 5 7 
1418	0 1 2 3 4 6 
1419	1 2 3 4 5 7 
1420	1 2 3 5 6 7 
1421	0 1 4 6 
1422	1 2 3 4 5 6 7 
1423	0 1 2 3 4 6 7 
1424	0 1 2 3 4 5 6 7 
1425	0 1 2 3 4 5 6 
1426	0 2 4 6 
1427	2 3 4 5 
1428	1 3 5 
1429	1 3 4 5 6 7 
1430	0 1 3 4 5 7 
1431	0 1 2 4 6 
1432	1 2 3 4 5 7 
1433	0 1 4 5 7 
1434	0 1 3 4 5 6 
1435	0 1 2 3 4 5 6 7 
1436	6 
1437	0 3 4 5 6 7 
1438	1 2 3 4 5 6 
1439	1 3 4 5 6 
1440	1 3 4 5 6 
1441	0 1 3 4 5 7 
1442	0 1 4 7 
1443	0 1 2 3 4 5 6 
1444	3 4 5 6 7 
1445	1 3 4 6 7 
1446	1 2 4 5 6 
1447	0 2 4 5 6 7 
1448	1 2 3 4 5 7 
1449	0 1 2 3 5 6 7 
1450	1 3 5 6 
1451	0 1 3 4 6 
1452	0 1 2 4 
1453	0 1 3 4 5 6 7 
1454	0 2 3 6 7 
1455	0 3 4 5 6 
1456	1 3 4 5 7 
1457	0 1 2 3 4 5 7 
1458	0 1 2 3 4 6 
1459	2 3 4 5 7 
1460	0 1 3 4 6 
1461	0 1 2 4 5 7 
1462	0 1 2 4 6 7 
1463	0 1 2 3 5 7 
1464	1 3 4 5 6 
1465	0 2 6 7 
1466	0 1 2 3 4 5 6 7 
1467	0 1 2 3 4 5 6 
1468	1 2 3 4 6 7 
1469	0 1 2 3 4 5 6 7 
1470	0 1 2 3 4 5 6 7 
1471	1 
1472	1 3 4 5 6 7 
1473	1 2 5 6 
1474	2 3 4 5 7 
1475	0 1 2 4 5 
1476	0 1 2 3 6 
1477	0 1 2 
1478	1 2 3 4 5 6 7 
1479	1 3 7 
1480	0 1 2 3 4 5 6 7 
1481	0 1 3 4 5 6 7 
1482	0 1 2 3 6 7 
1483	0 1 2 3 4 5 6 
1484	0 1 2 3 4 5 6 7 
1485	0 1 2 3 4 5 6 7 
1486	1 3 4 5 6 7 
1487	0 2 4 5 6 7 
1488	2 4 5 6 
1489	2 3 4 5 6 7 
1490	0 1 2 3 4 5 
1491	1 4 5 7 
1492	1 3 4 5 6 
1493	0 1 3 4 5 6 7 
1494	0 1 3 4 5 
1495	1 3 4 5 6 
1496	2 3 4 6 
1497	1 3 5 6 7 
1498	4 
1499	0 1 3 4 5 6 
1500	0 1 2 3 6 7 
1501	1 3 5 6 7 
1502	0 1 3 4 5 6 7 
1503	1 3 4 5 7 
1504	2 4 7 
1505	0 1 2 3 4 5 7 
1506	1 2 3 5 6 7 
1507	6 
1508	1 3 4 5 6 7 
1509	1 2 3 4 5 6 7 
1510	0 1 3 4 6 7 
1511	0 1 3 4 5 6 7 
1512	0 1 
1513	0 1 3 4 5 
1514	1 2 3 4 5 7 
1515	0 1 2 3 4 5 7 
1516	0 1 3 4 5 7 
1517	0 4 6 
1518	5 6 
1519	0 1 3 4 5 6 
1520	0 1 3 4 5 6 7 
1521	0 1 2 4 5 6 7 
1522	1 
1523	0 1 3 4 5 6 
1524	0 2 
1525	0 1 2 3 4 5 7 
1526	0 1 
1527	0 1 3 6 
1528	1 2 3 4 5 6 7 
1529	1 2 3 4 5 6 7 
1530	0 2 7 
1531	1 2 3 6 7 
1532	0 1 2 3 4 5 6 7 
1533	2 6 
1534	0 1 4 5 6 7 
1535	2 3 7 
1536	1 3 4 5 6 7 
1537	1 2 3 5 7 
1538	1 2 4 5 6 7 
1539	1 2 3 5 6 
1540	0 1 2 6 7 
1541	1 3 5 6 
1542	1 2 5 6 7 
1543	0 1 2 3 5 6 7 
1544	0 2 4 
1545	0 1 2 3 5 6 7 
1546	0 1 3 4 5 6 
1547	2 4 5 6 7 
1548	0 2 3 
1549	1 3 5 7 
1550	0 1 5 6 7 
1551	1 2 3 4 7 
1552	1 2 3 5 6 
1553	0 1 6 
1554	3 5 7 
1555	0 1 2 3 4 5 6 
1556	4 
1557	0 2 3 4 5 6 7 
1558	1 3 4 5 6 
1559	0 1 2 3 4 5 6 7 
1560	0 5 6 
1561	0 2 3 4 5 
1562	1 3 5 6 
1563	1 2 3 5 
1564	0 1 2 3 4 5 7 
1565	1 2 3 4 5 6 7 
1566	1 2 3 4 5 6 7 
1567	0 1 3 4 5 6 7 
1568	1 2 3 4 5 
1569	1 3 4 7 
1570	3 4 5 6 7 
1571	0 1 2 3 4 5 6 7 
1572	0 1 3 4 5 7 
1573	0 1 2 4 5 6 
1574	0 1 2 3 4 6 7 
1575	1 3 4 5 7 
1576	0 1 3 4 5 6 
1577	0 1 3 4 5 6 7 
1578	1 2 3 5 6 
1579	0 1 2 3 5 6 7 
1580	1 2 3 4 5 6 7 
1581	0 1 2 3 5 7 
1582	0 2 3 5 6 
1583	1 2 3 4 5 6 7 
1584	0 1 3 4 5 6 
1585	0 3 4 6 
1586	0 1 2 3 4 6 7 
1587	0 1 3 4 5 7 
1588	6 
1589	1 2 3 4 5 6 7 
1590	1 3 4 5 6 7 
1591	0 
1592	1 2 3 5 6 7 
1593	1 2 3 4 5 6 7 
1594	0 
1595	2 3 4 5 6 7 
1596	0 1 2 3 4 5 6 7 
1597	1 3 4 5 6 
1598	1 7 
1599	1 3 4 6 
1600	0 1 4 5 6 
1601	0 
1602	1 2 3 4 5 6 
1603	0 1 2 4 6 7 
1604	2 3 4 5 6 7 
1605	0 1 2 3 4 5 6 7 
1606	1 5 
1607	7 
1608	0 1 2 3 4 5 6 7 
1609	0 1 3 4 5 6 7 
1610	0 1 3 4 5 6 7 
1611	0 6 7 
1612	1 3 4 5 6 7 
1613	1 
1614	1 2 3 5 6 7 
1615	1 2 3 4 5 6 7 
1616	1 2 3 4 5 6 
1617	0 1 2 3 4 5 6 
1618	0 1 2 4 6 7 
1619	0 1 2 3 4 5 6 
1620	1 6 7 
1621	0 1 2 3 4 5 6 
1622	1 3 4 5 6 
1623	1 3 5 6 7 
1624	0 1 2 4 7 
1625	0 1 2 3 5 6 7 
1626	0 
1627	2 3 5 7 
1628	1 2 3 4 5 6 7 
1629	2 7 
1630	1 3 5 6 
1631	1 2 3 4 5 6 
1632	0 1 2 3 4 5 6 
1633	2 
1634	1 3 4 6 7 
1635	1 2 3 4 5 6 
1636	0 4 5 
1637	0 1 2 3 4 5 6 
1638	1 3 4 5 6 7 
1639	0 2 
1640	1 3 4 5 7 
1641	0 1 3 4 5 6 7 
1642	1 3 4 
1643	0 2 3 6 7 
1644	1 3 5 7 
1645	3 4 5 6 7 
1646	0 1 2 3 4 5 6 7 
1647	1 2 3 4 6 7 
1648	0 4 6 
1649	0 2 3 5 6 
1650	0 1 2 3 5 6 
1651	1 3 4 5 7 
1652	1 2 5 6 7 
1653	0 1 3 4 5 6 7 
1654	0 2 4 5 6 
1655	0 1 3 5 6 7 
1656	1 3 4 5 6 7 
1657	2 3 4 5 6 7 
1658	1 2 4 5 7 
1659	6 
1660	1 2 3 4 5 6 7 
1661	4 6 
1662	0 1 2 3 5 6 7 
1663	0 1 3 5 6 7 
1664	0 1 3 4 5 6 7 
1665	0 1 2 3 4 5 6 
1666	6 
1667	1 3 4 5 6 7 
1668	0 1 2 3 4 5 6 7 
1669	0 1 2 3 4 5 6 7 
1670	0 2 4 5 
1671	3 6 
1672	0 1 2 3 4 5 6 
1673	3 4 5 6 7 
1674	1 7 
1675	0 1 3 4 5 6 
1676	0 1 2 3 5 6 7 
1677	1 4 5 6 7 
1678	2 4 5 
1679	0 1 2 3 4 5 7 
1680	0 1 2 3 5 6 7 
1681	0 1 2 3 4 5 6 
1682	0 1 3 4 5 6 7 
1683	1 2 3 4 5 6 7 
1684	2 3 4 5 6 7 
1685	0 1 4 6 
1686	1 2 3 4 5 6 7 
1687	1 3 4 5 6 7 
1688	1 4 5 6 7 
1689	0 2 3 4 5 6 7 
1690	0 1 2 3 4 5 6 7 
1691	0 1 2 4 6 7 
1692	0 1 3 5 6 7 
1693	1 3 4 5 6 7 
1694	0 1 2 3 4 6 
1695	0 1 3 4 5 6 7 
1696	1 2 4 6 
1697	0 1 2 3 4 5 6 7 
1698	0 1 3 5 6 7 
1699	0 1 2 3 4 5 7 
1700	1 2 3 4 5 6 
1701	1 3 5 6 7 
1702	1 2 4 5 7 
1703	0 1 2 3 4 6 7 
1704	1 3 4 6 7 
1705	0 1 3 4 5 7 
1706	0 1 3 4 5 6 7 
1707	0 1 2 6 
1708	1 2 3 4 5 6 7 
1709	0 1 2 4 5 6 
1710	1 2 5 6 
1711	5 6 7 
1712	0 
1713	3 4 6 7 
1714	0 2 3 4 5 6 
1715	0 1 3 4 
1716	0 1 2 3 4 6 7 
1717	0 6 
1718	0 1 3 5 6 7 
1719	1 2 3 4 5 
1720	1 2 3 4 5 6 7 
1721	0 1 2 3 5 6 7 
1722	0 1 3 4 5 6 7 
1723	0 1 2 3 4 5 7 
1724	0 1 2 3 4 5 6 
1725	0 1 2 3 4 5 7 
1726	1 5 
1727	1 2 3 4 6 7 
1728	0 1 2 3 4 5 6 7 
1729	1 2 3 4 5 6 
1730	0 1 2 3 5 6 
1731	1 3 4 5 7 
1732	0 1 3 5 6 7 
1733	1 2 3 4 5 6 7 
1734	0 2 4 
1735	1 2 3 5 6 7 
1736	0 1 2 4 5 6 7 
1737	1 2 3 4 5 6 
1738	1 4 5 
1739	3 5 6 
1740	1 2 3 4 5 6 
1741	1 2 3 4 5 6 
1742	2 
1743	0 1 2 3 4 5 6 7 
1744	0 1 2 3 4 5 6 7 
1745	1 2 3 4 5 6 7 
1746	0 1 2 5 6 
1747	2 3 4 5 
1748	2 3 4 5 6 7 
1749	1 3 4 5 6 7 
1750	1 2 3 4 5 6 7 
1751	2 3 4 7 
1752	0 1 2 3 4 5 6 
1753	0 1 3 4 6 7 
1754	0 1 3 5 7 
1755	0 4 5 6 
1756	0 1 2 3 4 5 6 
1757	1 2 5 
1758	1 2 3 4 5 6 7 
1759	0 1 2 3 5 7 
1760	4 
1761	2 3 6 7 
1762	0 1 4 6 7 
1763	3 
1764	1 2 4 5 7 
1765	1 4 
1766	1 6 
1767	3 4 6 7 
1768	0 1 2 3 4 5 6 7 
1769	0 2 4 5 6 
1770	0 1 2 3 4 5 
1771	1 3 6 7 
1772	0 1 3 4 5 6 
1773	0 1 2 3 4 5 7 
1774	1 2 3 4 6 
1775	0 1 6 
1776	0 2 3 4 5 6 
1777	0 1 2 4 5 6 7 
1778	0 
1779	0 1 4 7 
1780	1 2 3 4 5 6 7 
1781	1 2 3 4 5 6 7 
1782	1 2 3 4 
1783	0 1 2 3 4 5 6 
1784	6 
1785	1 3 5 6 7 
1786	0 1 3 4 7 
1787	1 2 3 5 6 7 
1788	0 4 
1789	0 1 2 3 4 5 6 7 
1790	1 4 6 
1791	1 2 3 6 
1792	1 2 3 4 5 6 7 
1793	2 3 4 5 6 7 
1794	1 3 4 5 7 
1795	0 5 
1796	0 1 2 3 4 5 6 7 
1797	0 3 4 5 7 
1798	0 1 3 4 5 6 7 
1799	1 4 5 6 
1800	1 3 4 5 6 7 
1801	0 1 3 4 5 6 7 
1802	1 2 4 5 7 
1803	0 1 6 7 
1804	1 2 3 4 5 6 7 
1805	0 1 4 6 
1806	1 3 4 5 7 
1807	0 1 4 6 
1808	1 2 3 4 6 7 
1809	0 1 2 4 5 7 
1810	4 7 
1811	2 3 4 5 6 7 
1812	0 1 2 3 4 5 6 7 
1813	1 2 3 4 6 
1814	1 2 4 5 6 7 
1815	0 1 2 3 4 5 6 7 
1816	3 5 6 7 
1817	0 1 2 4 5 7 
1818	2 3 4 5 6 
1819	1 3 4 5 6 7 
1820	6 
1821	0 1 2 3 5 6 7 
1822	0 3 4 6 7 
1823	1 4 
1824	2 3 4 5 6 7 
1825	4 6 7 
1826	1 2 3 4 5 6 7 
1827	1 3 4 5 6 7 
1828	0 1 3 4 5 6 7 
1829	1 2 4 6 
1830	1 3 5 6 7 
1831	1 2 4 5 
1832	0 1 2 4 5 6 7 
1833	1 2 3 5 7 
1834	0 1 2 3 4 5 6 7 
1835	0 1 2 4 5 6 7 
1836	1 3 4 6 7 
1837	0 3 4 5 6 7 
1838	2 4 5 
1839	1 3 4 5 6 7 
1840	0 1 2 3 4 5 7 
1841	1 3 4 5 6 7 
1842	2 5 6 
1843	0 
1844	0 1 3 4 5 6 7 
1845	0 3 5 7 
1846	1 2 3 5 6 
1847	0 2 4 7 
1848	2 3 6 7 
1849	1 2 4 5 6 7 
1850	0 1 3 4 5 6 7 
1851	0 6 
1852	0 1 2 3 4 5 6 
1853	5 
1854	0 1 3 4 6 7 
1855	1 2 3 4 5 
1856	0 1 2 3 5 6 7 
1857	0 1 3 5 6 7 
1858	1 2 3 4 5 6 7 
1859	3 4 5 
1860	0 1 2 3 4 5 6 7 
1861	0 1 2 4 5 6 7 
1862	1 
1863	1 2 3 5 6 7 
1864	0 1 2 3 4 5 6 7 
1865	0 1 3 4 6 7 
1866	2 3 4 5 6 7 
1867	0 1 2 3 4 6 7 
1868	0 1 2 3 4 5 6 
1869	1 2 3 5 7 
1870	1 3 5 
1871	6 
1872	1 4 6 
1873	1 3 4 5 6 7 
1874	0 1 2 3 4 5 6 7 
1875	0 1 2 4 5 6 7 
1876	1 2 3 4 5 6 7 
1877	0 1 4 5 6 7 
1878	1 3 4 5 6 
1879	1 2 4 6 7 
1880	1 3 4 5 6 
1881	0 2 4 6 
1882	1 2 3 4 5 
1883	0 1 2 3 5 6 7 
1884	5 
1885	1 2 3 4 5 6 7 
1886	0 1 2 3 4 5 6 7 
1887	6 
1888	1 2 3 4 5 6 7 
1889	0 2 4 5 6 7 
1890	1 2 3 4 5 6 
1891	2 4 5 
1892	4 5 6 
1893	3 5 6 7 
1894	0 2 5 6 
1895	0 2 4 7 
1896	0 1 2 3 4 5 6 7 
1897	0 1 2 3 4 5 6 
1898	1 3 4 6 
1899	0 2 3 5 6 
1900	1 6 
1901	1 4 5 6 
1902	0 1 2 3 4 5 6 7 
1903	0 1 2 3 4 5 7 
1904	1 2 3 5 6 
1905	1 2 3 4 5 6 7 
1906	0 1 3 4 5 6 7 
1907	1 4 5 6 7 
1908	1 3 5 6 7 
1909	1 2 3 4 5 6 
1910	1 2 4 5 6 
1911	1 
1912	1 2 3 4 5 
1913	0 1 2 4 7 
1914	0 1 2 3 4 5 7 
1915	1 2 4 5 6 
1916	0 1 2 3 4 5 6 7 
1917	5 6 
1918	1 3 4 5 6 7 
1919	2 5 6 
1920	0 1 3 4 5 6 7 
1921	4 7 
1922	1 2 3 4 5 6 
1923	1 3 4 
1924	0 1 3 4 5 7 
1925	0 1 3 4 6 
1926	0 1 2 3 6 
1927	3 4 5 6 7 
1928	2 3 5 6 
1929	1 3 4 5 6 7 
1930	0 1 5 
1931	0 3 4 5 7 
1932	0 
1933	1 2 3 4 5 6 7 
1934	1 3 4 5 6 7 
1935	2 3 4 5 7 
1936	2 3 4 5 6 
1937	1 2 3 4 5 6 7 
1938	0 1 3 4 5 6 
1939	0 6 
1940	0 1 3 4 5 6 7 
1941	2 3 6 7 
1942	0 1 3 4 5 6 7 
1943	0 1 2 5 6 7 
1944	1 4 
1945	0 1 2 3 4 6 7 
1946	0 1 2 3 4 5 6 7 
1947	0 2 3 6 
1948	0 1 4 5 6 7 
1949	0 1 3 4 5 6 7 
1950	1 2 
1951	0 2 3 4 5 6 7 
1952	1 2 4 5 
1953	1 3 4 5 6 
1954	0 4 6 
1955	0 1 2 3 4 6 
1956	0 6 
1957	0 2 3 4 5 6 7 
1958	0 1 2 4 5 6 7 
1959	1 2 3 4 5 7 
1960	0 1 2 3 4 5 6 7 
1961	2 3 4 5 6 
1962	1 2 3 4 5 7 
1963	0 1 5 6 7 
1964	2 4 6 
1965	0 1 4 5 6 
1966	0 1 3 4 6 7 
1967	0 1 2 3 4 5 6 7 
1968	0 1 2 3 4 5 6 7 
1969	0 2 3 4 7 
1970	2 3 4 5 6 7 
1971	1 2 4 6 7 
1972	0 1 2 4 5 6 
1973	0 1 3 4 5 7 
1974	0 1 2 5 6 7 
1975	0 1 2 6 
1976	1 2 3 4 5 6 7 
1977	0 3 4 5 6 7 
1978	0 2 3 6 
1979	0 1 2 4 7 
1980	0 1 2 3 4 5 6 7 
1981	4 
1982	1 6 7 
1983	0 1 2 3 6 
1984	1 2 3 4 5 6 
1985	0 1 3 5 6 7 
1986	0 1 4 6 7 
1987	1 3 4 5 
1988	0 1 2 3 4 5 6 7 
1989	0 1 2 3 4 5 6 7 
1990	0 1 2 3 4 5 6 7 
1991	0 2 4 5 6 
1992	1 2 3 6 
1993	0 1 3 4 5 6 
1994	1 7 
1995	0 1 2 3 5 6 7 
1996	1 2 3 5 7 
1997	1 2 3 4 5 6 
1998	0 1 2 4 6 
1999	1 2 3 4 5 6 
2000	0 2 4 5 6 7 
2001	0 1 2 3 4 5 6 7 
2002	1 6 7 
2003	1 2 3 5 6 7 
2004	1 2 3 4 5 6 
2005	1 3 4 5 6 
2006	0 1 2 3 5 6 
2007	0 1 4 7 
2008	0 1 2 5 6 7 
2009	0 1 2 3 4 5 
2010	1 2 4 5 6 7 
2011	0 1 2 3 4 6 
2012	1 2 3 4 6 7 
2013	0 1 2 4 5 6 
2014	1 2 4 5 6 
2015	6 
2016	1 3 4 5 6 7 
2017	0 1 2 3 4 6 7 
2018	0 1 2 4 5 6 
2019	1 2 3 4 5 6 7 
2020	0 1 5 7 
2021	1 2 3 5 6 7 
2022	1 2 3 5 6 7 
2023	0 2 7 
2024	1 2 3 4 5 6 7 
2025	0 1 2 5 6 
2026	1 3 4 6 7 
2027	1 2 3 4 5 6 7 
2028	1 2 4 5 6 7 
2029	0 1 2 3 5 6 7 
2030	0 1 6 
2031	2 3 4 5 6 
2032	0 1 2 3 4 5 6 
2033	0 1 
2034	1 2 3 4 5 6 
2035	0 1 2 3 4 5 7 
2036	0 1 2 3 4 6 7 
2037	0 1 3 4 5 6 7 
2038	0 1 4 5 6 
2039	1 2 3 4 5 7 
2040	1 2 3 4 5 6 7 
2041	0 1 4 5 6 
2042	1 2 3 4 5 6 7 
2043	0 1 2 4 5 6 7 
2044	1 3 6 7 
2045	0 1 2 3 4 5 
2046	1 2 3 4 5 6 7 
2047	1 2 3 5 7 
2048	0 1 2 3 4 5 6 7 
2049	1 
2050	2 3 4 5 7 
2051	0 
2052	0 2 3 4 5 6 
2053	2 3 4 6 
2054	2 3 4 5 6 7 
2055	1 2 4 5 6 7 
2056	0 1 2 4 5 6 7 
2057	1 2 3 4 5 6 
2058	1 3 4 5 6 
2059	0 1 2 3 5 7 
2060	1 2 3 4 5 6 
2061	0 1 2 7 
2062	0 1 2 3 4 5 6 7 
2063	0 4 5 6 
2064	0 1 2 3 4 5 6 7 
2065	1 4 
2066	0 1 2 3 5 6 7 
2067	4 
2068	2 3 4 5 7 
2069	0 1 2 4 6 7 
2070	0 1 3 4 5 6 7 
2071	1 5 6 7 
2072	0 2 3 6 7 
2073	0 1 2 3 4 5 6 7 
2074	1 2 
2075	0 1 3 4 5 7 
2076	1 5 
2077	1 2 3 4 5 6 7 
2078	4 
2079	0 1 2 3 4 5 6 7 
2080	0 1 3 4 6 
2081	2 3 4 5 6 7 
2082	6 
2083	0 1 3 4 5 
2084	0 2 3 4 5 7 
2085	0 1 2 3 4 5 6 7 
2086	0 1 2 4 5 6 
2087	1 2 3 4 5 6 
2088	0 1 3 4 5 7 
2089	0 1 3 4 
2090	1 2 3 4 6 7 
2091	1 2 3 4 5 6 7 
2092	1 3 4 6 
2093	1 3 4 6 
2094	0 1 4 5 6 
2095	1 2 3 5 6 7 
2096	0 1 2 3 4 5 6 7 
2097	0 1 2 3 4 5 6 7 
2098	0 1 3 4 5 7 
2099	1 4 5 6 7 
2100	0 1 2 4 5 6 7 
2101	0 1 3 4 5 6 7 
2102	1 2 3 4 5 6 7 
2103	1 3 4 6 7 
2104	0 1 2 3 4 5 6 7 
2105	0 1 2 4 5 6 
2106	0 1 
2107	1 2 3 4 6 7 
2108	1 2 4 5 6 
2109	2 3 4 5 6 
2110	0 5 6 7 
2111	0 1 2 3 4 5 6 7 
2112	2 6 
2113	2 3 4 5 6 
2114	0 1 2 4 6 
2115	0 1 2 3 4 5 6 7 
2116	1 3 4 5 6 7 
2117	4 
2118	1 3 6 7 
2119	2 3 4 5 6 7 
2120	0 1 3 4 5 6 
2121	0 1 3 4 5 6 7 
2122	1 3 4 6 7 
2123	1 2 3 4 5 6 
2124	0 1 2 3 4 6 
2125	1 2 3 5 6 
2126	0 1 2 3 4 6 
2127	1 2 3 4 5 6 
2128	0 1 2 3 5 6 
2129	2 3 4 6 
2130	1 2 4 6 7 
2131	1 3 4 5 6 7 
2132	0 1 2 3 4 6 7 
2133	4 6 
2134	1 3 4 5 6 7 
2135	1 2 4 5 6 7 
2136	0 1 2 3 4 5 6 
2137	0 4 
2138	0 1 2 3 4 5 6 
2139	0 1 2 3 6 
2140	0 1 3 5 6 7 
2141	1 2 3 4 5 6 7 
2142	0 1 2 3 4 5 6 
2143	1 3 4 5 6 
2144	0 1 2 3 6 7 
2145	0 1 2 3 4 5 6 7 
2146	1 2 3 4 5 6 7 
2147	0 1 3 4 5 6 
2148	0 1 2 3 4 5 6 7 
2149	1 2 3 5 6 7 
2150	0 1 2 3 4 5 6 7 
2151	3 
2152	0 1 3 4 5 6 
2153	0 1 2 3 4 5 6 
2154	0 1 3 4 5 6 7 
2155	0 3 5 6 7 
2156	1 2 3 4 5 6 7 
2157	2 3 4 6 7 
2158	1 2 3 4 6 7 
2159	0 2 3 4 5 6 
2160	1 2 3 5 6 7 
2161	0 1 2 4 5 7 
2162	3 4 5 7 
2163	1 3 4 6 7 
2164	2 3 4 5 6 7 
2165	4 5 
2166	1 2 3 4 7 
2167	1 6 
2168	0 1 2 4 5 6 7 
2169	0 1 2 3 4 5 6 7 
2170	0 1 3 5 6 
2171	1 2 3 4 5 6 7 
2172	0 2 3 4 5 6 7 
2173	1 3 5 6 
2174	2 5 
2175	0 3 5 6 
2176	1 3 5 
2177	1 3 4 7 
2178	0 1 2 3 4 6 7 
2179	0 1 3 4 5 6 7 
2180	0 1 3 5 6 
2181	0 
2182	0 1 2 3 4 5 6 7 
2183	0 1 3 4 5 6 7 
2184	1 2 4 5 6 
2185	0 2 3 4 5 6 
2186	1 3 4 5 6 7 
2187	0 1 2 3 5 6 
2188	0 1 4 5 6 7 
2189	0 1 2 3 4 6 
2190	0 4 6 7 
2191	1 2 4 5 6 
2192	1 2 3 4 5 6 7 
2193	1 2 4 5 7 
2194	0 3 4 5 6 7 
2195	0 1 2 4 6 7 
2196	3 4 6 7 
2197	0 1 2 3 4 5 6 7 
2198	0 1 5 
2199	0 1 3 4 6 7 
2200	0 1 3 4 5 6 7 
2201	0 2 5 
2202	0 1 2 3 4 5 7 
2203	0 
2204	0 2 3 4 6 
2205	1 3 4 5 
2206	2 4 6 7 
2207	0 5 
2208	1 2 3 5 6 7 
2209	0 1 2 3 4 5 6 7 
2210	3 4 5 6 7 
2211	1 2 4 5 6 7 
2212	0 2 3 4 6 7 
2213	0 3 4 5 6 7 
2214	5 6 
2215	1 3 4 5 6 7 
2216	1 3 4 5 6 7 
2217	1 2 3 4 5 6 7 
2218	2 6 7 
2219	1 2 3 4 6 7 
2220	0 1 3 4 5 6 7 
2221	0 1 2 3 4 5 6 
2222	5 
2223	1 2 3 7 
2224	0 1 2 4 5 6 7 
2225	1 3 4 5 6 7 
2226	0 5 6 
2227	0 1 2 3 5 7 
2228	1 2 3 4 5 7 
2229	0 1 4 
2230	0 1 2 3 5 6 7 
2231	1 2 4 5 
2232	1 3 4 5 6 7 
2233	1 5 7 
2234	1 2 4 5 
2235	0 1 2 3 4 5 6 7 
2236	0 4 6 7 
2237	1 2 3 5 6 7 
2238	0 1 2 3 4 5 6 
2239	0 1 3 4 5 6 7 
2240	1 4 5 6 7 
2241	0 
2242	0 1 3 4 7 
2243	1 2 4 5 6 
2244	0 1 2 4 5 6 7 
2245	0 1 2 3 6 7 
2246	0 3 4 6 
2247	0 1 3 4 6 7 
2248	1 2 3 4 5 6 7 
2249	0 1 2 3 4 5 6 7 
2250	5 
2251	0 2 3 4 5 6 7 
2252	0 1 2 3 4 5 6 
2253	1 3 4 5 7 
2254	0 1 2 3 4 5 6 7 
2255	0 1 2 3 4 5 6 7 
2256	0 1 4 
2257	0 1 2 3 4 5 6 
2258	0 1 5 6 7 
2259	2 3 4 5 6 
2260	0 1 2 6 
2261	1 3 4 5 6 7 
2262	1 2 3 4 5 6 
2263	0 1 3 4 5 6 
2264	1 2 4 5 7 
2265	1 2 3 4 5 6 
2266	1 2 3 4 6 7 
2267	0 3 4 6 7 
2268	1 3 4 5 6 7 
2269	0 1 2 3 4 5 6 7 
2270	1 3 4 5 6 
2271	0 1 2 3 5 6 7 
2272	0 1 2 4 5 6 7 
2273	0 1 2 3 4 5 6 
2274	0 
2275	0 1 3 4 5 7 
2276	4 6 
2277	1 2 3 4 5 7 
2278	0 1 3 6 
2279	1 3 4 7 
2280	0 1 2 3 4 5 7 
2281	0 1 4 5 6 
2282	2 3 4 6 7 
2283	1 2 3 4 5 6 
2284	0 1 3 4 5 6 7 
2285	1 2 3 4 5 7 
2286	0 1 2 4 5 6 7 
2287	0 1 3 4 5 6 7 
2288	0 1 2 3 4 5 6 7 
2289	0 1 2 3 5 6 7 
2290	6 
2291	0 1 2 3 4 5 6 7 
2292	2 
2293	1 2 3 4 5 6 7 
2294	0 1 2 3 5 6 7 
2295	0 1 2 4 5 6 7 
2296	1 2 3 4 5 6 7 
2297	1 2 3 4 5 6 
2298	0 1 3 4 6 7 
2299	1 2 3 5 6 
2300	0 
2301	1 2 3 4 5 6 7 
2302	0 2 5 6 7 
2303	6 
2304	0 1 2 3 4 5 6 
2305	1 2 3 4 5 6 
2306	0 1 2 3 4 5 6 7 
2307	6 
2308	0 1 3 4 5 6 
2309	6 
2310	1 3 4 5 6 7 
2311	0 1 4 5 6 
2312	1 2 3 4 5 6 7 
2313	0 1 2 3 5 7 
2314	1 3 5 6 
2315	0 3 4 5 6 7 
2316	1 2 3 4 5 6 7 
2317	1 2 5 6 
2318	3 4 5 6 7 
2319	0 2 4 
2320	0 3 4 5 7 
2321	0 1 2 3 4 5 6 
2322	0 1 2 3 4 5 6 7 
2323	0 1 2 3 4 5 6 7 
2324	0 1 2 4 5 6 
2325	0 1 3 4 5 
2326	0 1 2 3 5 
2327	1 3 5 6 7 
2328	1 2 3 4 5 6 7 
2329	0 1 2 3 4 5 6 7 
2330	0 1 3 4 6 
2331	0 1 2 3 4 6 
2332	0 1 2 3 5 6 7 
2333	0 1 3 4 5 6 7 
2334	0 3 4 5 6 7 
2335	0 1 2 3 4 5 
2336	1 2 3 4 5 6 
2337	0 1 5 7 
2338	1 3 4 5 7 
2339	4 
2340	0 1 2 3 4 5 6 7 
2341	1 
2342	0 1 2 3 5 6 
2343	1 5 6 
2344	1 3 5 6 7 
2345	1 2 3 4 5 
2346	0 1 2 3 4 5 6 
2347	2 3 4 5 7 
2348	1 2 3 4 5 6 
2349	1 2 3 4 6 
2350	0 1 2 3 4 5 
2351	0 2 3 4 5 6 7 
2352	1 2 3 4 5 6 
2353	0 2 5 6 
2354	0 1 3 4 5 6 7 
2355	2 6 7 
2356	0 6 
2357	0 1 3 4 5 7 
2358	0 1 2 4 5 6 7 
2359	3 4 6 7 
2360	0 1 2 3 4 6 7 
2361	0 1 2 3 4 5 6 7 
2362	4 
2363	2 3 5 6 
2364	0 1 4 5 6 
2365	4 
