1	0 1 2 3 4 6 7 
2	0 4 
3	0 1 3 4 5 6 7 
4	1 2 3 4 5 7 
5	1 3 5 6 7 
6	1 2 3 4 5 6 
7	1 
8	0 3 5 6 7 
9	1 2 3 4 6 7 
10	1 3 4 6 7 
11	0 1 2 3 4 6 7 
12	0 1 2 3 4 5 6 7 
13	2 
14	1 2 3 4 6 7 
15	1 2 4 6 
16	0 
17	1 2 3 4 5 6 7 
18	0 1 2 3 4 5 6 7 
19	0 1 2 3 4 5 6 
20	1 2 3 4 5 6 7 
21	0 1 2 3 4 5 6 7 
22	2 
23	1 2 3 4 5 6 
24	3 
25	1 2 3 5 6 7 
26	0 3 4 5 6 7 
27	1 2 4 5 6 
28	1 3 4 5 6 7 
29	0 1 2 3 4 5 6 
30	0 1 3 4 6 7 
31	5 6 
32	1 2 3 4 5 6 7 
33	0 1 2 3 4 5 6 
34	0 1 2 4 5 7 
35	0 2 3 4 5 6 7 
36	1 2 3 4 5 6 7 
37	2 5 6 
38	0 2 3 4 6 7 
39	0 1 2 3 4 5 
40	0 
41	0 1 2 3 5 6 7 
42	1 2 3 4 5 6 7 
43	4 5 
44	0 1 5 6 7 
45	2 3 4 5 6 7 
46	3 4 5 6 7 
47	0 1 2 3 5 6 7 
48	1 2 3 4 5 6 7 
49	1 3 4 5 6 7 
50	1 2 3 4 5 6 7 
51	0 1 2 4 5 7 
52	3 6 7 
53	0 2 3 4 5 7 
54	1 2 3 4 5 7 
55	0 1 2 4 5 6 
56	6 
57	1 2 3 7 
58	0 4 5 6 
59	1 2 3 4 5 6 7 
60	0 1 2 3 4 5 6 7 
61	0 1 3 5 6 
62	0 1 3 5 6 
63	1 3 4 6 7 
64	0 1 3 4 6 
65	0 
66	1 2 3 4 5 6 7 
67	0 1 2 4 5 6 7 
68	1 4 7 
69	3 4 5 6 
70	0 3 4 5 6 7 
71	0 1 2 4 5 
72	0 1 2 3 4 5 6 
73	1 2 3 5 6 7 
74	0 3 
75	1 3 4 5 7 
76	5 
77	0 1 3 4 5 6 7 
78	0 5 7 
79	0 1 2 3 4 5 
80	1 2 3 4 5 6 
81	0 1 2 3 4 5 6 7 
82	0 1 2 3 4 5 
83	0 1 4 5 
84	1 2 3 4 5 6 7 
85	1 2 3 4 5 6 7 
86	0 1 3 4 5 
87	1 2 3 4 5 7 
88	4 
89	2 3 4 5 6 7 
90	0 1 2 3 4 5 
91	0 1 4 5 6 7 
92	0 1 2 3 4 5 6 
93	0 4 5 6 
94	1 2 3 4 5 6 7 
95	1 3 4 5 6 
96	1 2 3 4 5 6 7 
97	1 2 4 5 6 7 
98	0 1 3 5 6 7 
99	1 2 3 5 7 
100	1 2 3 4 5 6 7 
101	0 1 2 3 4 6 
102	4 6 7 
103	1 3 4 6 
104	0 1 2 3 4 5 7 
105	0 2 4 6 
106	1 3 4 5 6 7 
107	1 2 3 4 5 
108	0 1 2 3 4 5 6 7 
109	1 
110	3 4 6 7 
111	1 3 4 5 6 
112	0 1 2 3 4 5 6 7 
113	0 2 3 4 5 6 7 
114	1 3 4 5 6 7 
115	6 
116	0 1 3 4 5 6 7 
117	0 1 3 4 5 6 7 
118	1 3 4 5 6 
119	0 1 3 4 5 6 
120	0 
121	0 1 3 5 6 7 
122	1 2 4 5 7 
123	0 1 2 4 5 6 
124	0 1 2 3 4 5 
125	0 1 2 5 6 7 
126	0 1 2 3 4 5 7 
127	1 3 4 5 6 7 
128	0 1 3 5 6 7 
129	1 2 3 5 6 7 
130	0 2 4 5 6 7 
131	0 1 3 4 6 7 
132	0 1 2 3 5 7 
133	0 1 2 4 5 7 
134	0 1 3 4 5 6 7 
135	1 3 4 5 6 7 
136	2 3 6 
137	1 2 3 5 6 
138	0 1 2 4 5 
139	0 
140	3 4 5 7 
141	0 1 2 3 4 5 6 
142	0 1 2 4 6 
143	0 1 2 3 4 5 6 7 
144	0 1 2 4 5 7 
145	0 1 2 3 5 6 7 
146	0 1 2 4 5 7 
147	2 3 4 6 7 
148	1 3 4 5 6 
149	1 3 5 6 7 
150	0 1 3 4 5 6 
151	4 
152	0 1 3 4 5 7 
153	1 
154	0 1 3 4 5 
155	0 3 4 6 
156	3 4 6 
157	0 1 2 3 5 6 
158	0 1 2 5 
159	0 1 2 3 5 6 7 
160	1 2 3 4 5 6 7 
161	2 3 4 6 7 
162	1 3 4 5 6 7 
163	0 2 4 6 7 
164	1 2 3 4 5 6 7 
165	0 1 2 3 6 7 
166	0 4 6 7 
167	1 2 4 5 7 
168	1 3 4 5 6 7 
169	0 1 2 6 
170	0 3 4 5 6 7 
171	1 2 4 5 6 7 
172	1 2 3 4 5 6 7 
173	0 1 4 
174	2 4 5 6 7 
175	0 2 3 5 
176	1 2 3 4 5 7 
177	0 1 2 5 7 
178	2 3 4 5 6 7 
179	0 3 4 5 6 7 
180	0 1 2 3 4 5 7 
181	1 2 3 4 5 6 7 
182	1 2 6 
183	0 1 2 3 6 7 
184	0 1 2 3 5 6 7 
185	1 3 4 5 6 
186	0 1 3 4 5 
187	1 2 3 4 5 6 7 
188	0 1 2 3 4 5 7 
189	1 2 3 4 6 7 
190	1 2 3 4 5 6 
191	0 1 4 6 
192	2 3 4 6 7 
193	0 1 2 3 4 5 6 
194	1 2 6 
195	1 2 7 
196	1 3 4 5 6 7 
197	1 4 5 6 
198	1 3 4 5 6 7 
199	0 1 2 3 4 6 
200	0 1 2 3 4 5 6 7 
201	1 2 3 4 6 7 
202	0 1 2 3 4 5 6 
203	0 1 2 3 4 5 6 
204	1 4 6 
205	1 2 3 4 5 6 7 
206	0 1 4 5 6 
207	0 1 2 3 5 6 7 
208	1 4 5 6 
209	1 2 3 4 5 6 7 
210	1 2 3 4 
211	3 4 5 6 7 
212	0 1 2 4 5 6 
213	0 1 2 4 6 7 
214	1 2 3 4 5 6 7 
215	1 3 4 5 6 
216	1 2 3 4 5 6 7 
217	1 3 4 5 7 
218	3 4 5 6 
219	0 2 3 4 5 6 7 
220	1 4 5 6 
221	0 1 2 3 6 
222	0 3 5 7 
223	1 2 4 5 6 7 
224	0 1 2 3 5 6 7 
225	0 
226	1 3 5 6 7 
227	0 1 3 4 5 6 7 
228	0 1 3 4 5 6 
229	1 3 4 5 6 7 
230	0 1 2 3 4 5 6 
231	0 
232	1 3 4 5 6 7 
233	0 3 4 5 7 
234	0 1 2 4 5 6 7 
235	0 1 2 3 4 5 6 7 
236	5 
237	0 1 3 4 5 6 7 
238	0 1 3 6 7 
239	0 1 3 4 5 6 7 
240	0 1 3 5 6 
241	0 1 2 3 4 5 6 7 
242	0 1 3 5 7 
243	0 1 3 4 5 6 7 
244	1 2 3 4 5 6 
245	1 3 5 6 
246	0 2 3 4 5 6 7 
247	0 1 3 5 6 
248	4 6 
249	1 2 3 4 
250	0 1 2 4 5 6 7 
251	0 1 2 4 6 7 
252	0 3 6 7 
253	1 3 5 6 7 
254	1 2 3 4 5 
255	1 2 3 5 6 7 
256	1 3 4 5 6 7 
257	0 1 2 3 5 6 
258	1 2 3 4 5 6 7 
259	0 1 3 4 5 6 
260	0 
261	1 3 4 6 7 
262	2 6 7 
263	1 3 4 5 6 
264	0 1 2 3 4 5 6 7 
265	0 1 2 3 5 6 7 
266	0 1 2 3 4 5 6 7 
267	1 2 4 5 6 
268	0 1 2 3 4 6 7 
269	1 2 3 4 5 6 7 
270	1 3 4 5 6 7 
271	0 2 3 4 6 7 
272	0 1 2 4 7 
273	4 5 6 7 
274	0 1 3 5 6 7 
275	2 3 4 5 6 7 
276	1 2 3 4 5 6 
277	0 1 2 3 4 5 6 
278	1 2 3 4 5 6 7 
279	0 1 2 3 4 6 
280	1 
281	1 2 3 4 5 6 
282	0 1 3 6 
283	6 
284	0 1 6 7 
285	0 2 3 4 5 
286	0 1 2 3 4 5 6 7 
287	1 2 4 5 6 7 
288	6 7 
289	0 1 3 4 5 7 
290	0 1 2 3 4 5 6 7 
291	1 2 3 4 5 6 7 
292	1 4 6 
293	1 3 4 6 7 
294	1 3 4 5 6 7 
295	0 1 2 3 4 5 6 7 
296	0 
297	1 2 3 4 5 6 7 
298	1 2 4 5 6 
299	1 2 3 4 5 7 
300	5 
301	1 2 3 4 5 6 7 
302	1 2 3 4 5 6 7 
303	0 1 2 3 4 5 
304	0 1 2 3 4 5 6 7 
305	0 1 3 4 5 7 
306	0 1 2 3 5 6 
307	1 2 3 4 5 6 7 
308	1 3 6 
309	0 1 2 3 4 5 6 
310	1 2 3 4 5 6 7 
311	1 3 4 5 6 7 
312	1 3 4 6 7 
313	1 2 3 5 7 
314	0 1 3 4 5 6 7 
315	1 4 5 6 7 
316	1 2 3 5 6 7 
317	0 3 4 5 6 7 
318	1 2 6 7 
319	0 1 3 4 6 7 
320	0 4 
321	1 3 4 5 6 7 
322	1 2 3 4 5 6 7 
323	4 
324	0 1 3 4 6 7 
325	1 2 3 4 5 6 
326	0 2 3 4 5 6 7 
327	1 5 6 
328	1 2 3 4 5 6 
329	0 2 3 4 6 7 
330	1 2 5 6 7 
331	0 1 3 4 5 
332	0 1 2 3 4 5 6 7 
333	1 2 4 5 6 
334	1 3 6 7 
335	0 1 2 3 4 5 6 7 
336	1 2 4 5 6 7 
337	0 1 3 4 5 6 
338	0 1 2 3 4 5 6 7 
339	1 
340	1 3 4 5 6 7 
341	1 2 3 4 5 6 
342	0 4 5 6 
343	0 1 2 3 4 6 
344	0 1 3 4 6 7 
345	0 1 3 4 5 6 
346	0 1 2 5 6 7 
347	0 1 3 5 6 
348	0 1 2 3 4 
349	2 7 
350	2 3 4 5 6 
351	6 
352	1 2 3 4 5 6 7 
353	0 1 3 4 5 6 7 
354	4 
355	1 3 4 5 6 
356	0 1 2 4 5 6 7 
357	0 1 2 4 5 6 7 
358	6 
359	0 1 2 3 4 6 7 
360	0 1 2 3 4 5 6 7 
361	0 1 3 5 6 7 
362	6 
363	2 3 4 6 7 
364	0 2 3 4 5 7 
365	1 2 4 5 
366	0 1 2 3 4 5 6 7 
367	0 2 3 4 5 6 7 
368	1 3 4 6 7 
369	0 1 2 3 5 6 
370	0 1 2 3 4 5 6 
371	0 1 3 5 6 7 
372	0 1 2 6 
373	0 1 3 4 5 6 
374	2 3 4 5 6 7 
375	1 2 3 4 5 6 7 
376	1 6 
377	1 3 4 5 7 
378	0 1 2 3 4 5 6 7 
379	1 3 4 5 6 
380	4 6 7 
381	1 2 3 4 5 6 7 
382	1 2 3 4 5 6 
383	2 3 5 7 
384	0 1 2 3 5 6 7 
385	0 1 2 3 4 5 6 7 
386	0 2 4 5 6 
387	1 2 4 5 
388	0 1 2 3 4 5 6 7 
389	0 1 2 3 4 5 6 7 
390	1 3 4 5 6 7 
391	0 2 3 4 5 6 7 
392	1 2 3 5 6 
393	0 2 4 5 6 
394	1 3 4 5 6 
395	0 1 2 3 4 5 6 
396	1 2 3 4 6 
397	0 1 3 6 
398	0 1 2 3 4 5 6 
399	1 2 3 5 6 
400	0 4 6 
401	1 2 3 4 5 6 
402	0 1 2 4 5 6 7 
403	1 2 3 4 5 6 7 
404	0 1 2 4 5 7 
405	0 2 3 4 5 6 
406	3 4 6 7 
407	1 2 3 4 5 6 
408	1 2 3 5 6 7 
409	0 1 2 4 6 7 
410	1 2 4 5 7 
411	1 
412	0 1 3 4 5 6 
413	0 1 3 4 5 6 7 
414	2 4 6 7 
415	0 1 2 3 4 5 6 
416	0 1 3 4 6 7 
417	0 1 2 3 4 5 6 7 
418	4 5 7 
419	0 1 3 4 5 6 7 
420	0 3 4 5 6 
421	1 3 5 6 7 
422	0 1 2 3 5 6 
423	0 2 3 6 
424	0 1 3 6 7 
425	1 2 3 6 
426	0 1 3 4 5 6 7 
427	0 1 2 3 4 5 6 7 
428	1 2 3 4 5 6 7 
429	0 3 4 6 7 
430	0 1 2 4 6 
431	1 3 4 5 6 7 
432	0 1 3 4 6 7 
433	0 1 2 3 4 5 6 
434	0 1 2 3 4 5 6 7 
435	0 1 3 4 5 7 
436	0 1 2 7 
437	1 2 4 7 
438	0 1 2 3 4 5 6 7 
439	1 2 3 4 5 6 7 
440	0 1 3 4 5 6 
441	5 
442	1 2 4 5 6 7 
443	2 3 4 5 6 
444	0 3 5 6 7 
445	1 2 3 4 5 6 7 
446	0 1 3 4 5 6 7 
447	0 1 2 4 5 6 7 
448	0 1 2 3 4 5 7 
449	0 
450	0 1 3 4 5 6 
451	0 4 6 
452	1 3 4 6 7 
453	1 2 3 4 5 6 
454	0 2 3 4 6 
455	1 3 4 5 6 7 
456	0 2 3 
457	1 2 3 4 5 6 7 
458	1 2 3 4 5 6 7 
459	1 4 5 6 7 
460	1 2 3 5 6 7 
461	0 1 2 3 4 5 6 
462	6 
463	1 2 3 4 5 6 
464	0 2 4 6 
465	1 3 4 5 
466	1 3 4 5 6 7 
467	0 1 2 3 4 5 6 
468	1 3 4 5 6 7 
469	0 1 2 4 5 6 
470	1 2 3 5 6 7 
471	3 4 5 6 7 
472	1 2 4 5 6 7 
473	1 2 3 4 7 
474	0 1 2 3 4 5 6 7 
475	0 1 3 4 5 6 7 
476	1 2 3 4 5 6 7 
477	0 3 6 7 
478	2 3 4 5 6 7 
479	0 1 2 3 4 5 6 
480	1 3 4 5 6 7 
481	1 3 4 5 6 
482	1 2 3 4 5 6 
483	1 2 4 5 
484	0 1 4 5 6 7 
485	0 1 2 3 5 
486	1 3 4 5 6 
487	0 1 2 4 5 6 
488	0 1 2 4 7 
489	0 1 2 3 5 6 7 
490	0 1 2 4 5 6 7 
491	0 1 3 5 6 7 
492	1 3 4 6 
493	0 1 2 3 4 5 6 7 
494	0 1 3 5 7 
495	1 2 3 5 6 7 
496	1 4 5 6 
497	1 2 4 5 6 7 
498	0 1 2 4 5 7 
499	0 6 
500	0 1 3 4 5 6 7 
501	0 2 4 
502	1 4 5 6 7 
503	1 2 3 4 5 6 7 
504	0 1 3 4 5 6 7 
505	1 3 4 5 6 7 
506	1 2 3 4 5 6 7 
507	0 1 3 4 5 6 7 
508	0 1 6 
509	3 4 5 6 7 
510	1 5 6 
511	1 2 4 5 6 
512	6 
513	1 3 4 5 6 7 
514	1 2 3 4 5 6 7 
515	0 1 2 3 4 5 6 7 
516	3 6 
517	0 1 3 4 5 6 7 
518	0 1 2 3 4 5 6 
519	0 1 2 5 6 7 
520	0 1 2 3 4 5 6 7 
521	1 2 3 4 5 6 
522	0 4 5 6 
523	1 2 3 5 6 7 
524	0 1 4 5 7 
525	0 4 6 
526	1 
527	2 3 5 6 7 
528	0 1 2 3 4 5 6 7 
529	2 3 4 5 6 7 
530	0 1 3 4 5 6 7 
531	0 1 2 4 5 6 7 
532	0 1 3 4 5 6 7 
533	1 3 4 5 6 7 
534	0 1 3 5 6 7 
535	0 1 3 4 5 
536	3 4 6 7 
537	0 1 4 5 6 7 
538	1 2 3 4 5 6 7 
539	0 1 4 5 7 
540	1 3 5 7 
541	0 1 2 3 4 5 
542	0 4 5 7 
543	1 5 6 
544	1 2 3 4 6 
545	1 2 3 5 
546	0 2 3 4 5 6 7 
547	0 1 2 4 5 
548	0 1 2 3 5 7 
549	1 3 
550	1 2 3 5 6 7 
551	0 1 2 3 4 5 6 
552	1 3 4 5 6 
553	1 2 3 4 5 6 7 
554	6 
555	2 3 4 6 
556	0 1 2 6 
557	1 2 3 4 6 
558	5 
559	1 4 5 6 7 
560	0 1 3 4 5 6 7 
561	0 1 2 3 5 6 
562	2 3 4 5 6 7 
563	1 3 4 5 6 7 
564	1 3 4 5 6 
565	0 1 2 3 4 5 6 7 
566	2 3 4 5 6 7 
567	0 1 2 3 4 5 6 
568	2 3 4 5 6 
569	1 3 4 5 6 7 
570	1 3 5 7 
571	0 1 2 4 6 
572	0 1 3 4 5 6 
573	1 3 4 5 6 7 
574	1 2 3 4 5 6 7 
575	0 1 3 4 5 7 
576	0 1 2 3 4 5 6 7 
577	1 2 3 4 7 
578	0 1 2 3 4 7 
579	1 2 3 4 
580	3 4 5 6 7 
581	0 1 2 3 5 6 
582	1 2 5 6 
583	1 2 3 4 5 6 
584	1 
585	4 5 6 7 
586	0 1 2 3 4 5 6 
587	0 1 3 4 5 7 
588	1 2 3 5 6 7 
589	1 2 3 4 5 6 7 
590	1 2 3 4 6 7 
591	0 1 2 3 5 6 
592	4 5 7 
593	0 
594	2 3 4 5 6 7 
595	1 2 3 4 5 6 
596	0 
597	1 2 4 5 6 7 
598	1 2 3 5 6 7 
599	1 2 3 5 6 7 
600	0 2 3 4 5 6 7 
601	0 1 2 4 5 6 7 
602	1 3 4 5 
603	3 4 5 6 7 
604	3 4 6 7 
605	1 2 3 5 6 7 
606	0 1 3 4 5 6 7 
607	0 1 2 3 4 5 7 
608	1 3 5 6 7 
609	0 
610	2 3 4 5 6 7 
611	1 2 3 4 5 6 7 
612	1 2 3 4 5 
613	1 2 3 4 5 6 7 
614	1 3 4 5 6 7 
615	6 
616	0 1 2 3 4 5 6 7 
617	1 3 4 5 6 7 
618	4 6 
619	0 1 2 3 4 5 6 7 
620	1 
621	0 1 2 3 4 5 6 
622	1 2 3 5 
623	1 2 3 4 5 6 7 
624	1 4 5 6 
625	2 5 
626	0 1 3 4 5 6 
627	0 1 5 7 
628	1 3 4 6 7 
629	0 1 2 3 4 5 6 7 
630	1 2 3 4 7 
631	0 1 3 4 5 6 7 
632	0 1 2 3 5 6 7 
633	0 1 2 3 4 5 6 
634	0 2 3 4 5 6 
635	0 1 3 5 6 
636	1 2 3 
637	6 
638	1 2 3 4 5 6 7 
639	0 1 4 5 6 7 
640	0 6 
641	0 1 3 4 6 7 
642	0 1 2 3 5 6 7 
643	0 
644	1 2 3 4 5 6 7 
645	0 1 2 5 7 
646	6 
647	1 3 5 6 7 
648	0 1 2 3 5 
649	1 2 3 4 5 6 7 
650	0 1 2 3 4 5 7 
651	1 2 3 4 5 7 
652	6 
653	0 1 2 3 4 5 6 
654	0 1 2 3 4 5 6 7 
655	1 2 5 6 
656	0 2 3 4 6 
657	1 2 4 5 
658	0 2 4 6 
659	0 1 3 5 6 7 
660	0 
661	0 1 3 6 
662	4 5 
663	1 3 4 5 
664	0 1 2 3 5 7 
665	2 3 4 5 6 
666	1 3 4 6 7 
667	0 2 4 5 6 7 
668	1 3 4 5 6 7 
669	6 
670	0 2 3 4 5 7 
671	2 5 
672	1 2 3 5 6 7 
673	0 1 2 3 4 5 6 7 
674	0 1 3 4 5 7 
675	0 1 3 4 5 6 7 
676	2 3 4 5 6 
677	0 1 2 3 4 7 
678	1 3 4 7 
679	1 2 3 4 6 7 
680	0 1 2 4 5 6 
681	2 3 4 6 7 
682	0 1 3 5 6 7 
683	1 2 3 4 6 
684	0 2 4 6 7 
685	0 1 2 3 4 5 6 7 
686	0 1 4 5 6 7 
687	7 
688	1 2 3 4 5 6 
689	0 1 3 4 5 6 7 
690	1 2 3 5 6 7 
691	1 2 4 6 7 
692	0 4 5 6 
693	0 1 3 4 6 7 
694	0 1 5 6 7 
695	0 1 2 3 4 5 6 
696	0 1 2 4 5 7 
697	3 4 5 6 7 
698	0 2 3 4 5 6 7 
699	2 3 4 5 6 
700	1 4 5 6 
701	2 4 
702	0 1 2 3 4 6 7 
703	0 1 2 3 4 5 6 7 
704	0 4 6 
705	1 2 3 4 6 7 
706	0 1 2 4 5 6 7 
707	0 1 4 5 6 7 
708	0 4 
709	1 2 3 4 5 7 
710	0 1 2 3 4 5 6 7 
711	0 1 4 7 
712	1 3 4 6 
713	1 2 3 5 6 7 
714	1 5 
715	0 1 2 3 4 5 6 
716	6 
717	0 1 2 3 4 7 
718	0 1 2 3 4 6 7 
719	7 
720	1 3 4 5 6 7 
721	0 2 3 5 6 
722	3 4 5 6 7 
723	1 2 4 5 6 7 
724	3 
725	1 4 5 6 7 
726	1 3 5 6 7 
727	0 1 2 3 5 7 
728	1 3 5 6 7 
729	1 3 4 5 6 7 
730	1 6 
731	0 2 4 6 
732	0 1 2 3 4 6 
733	1 2 3 4 5 6 
734	0 1 2 3 4 5 6 7 
735	2 4 6 
736	2 4 5 6 7 
737	0 1 2 3 4 5 
738	0 1 2 
739	0 1 2 3 4 5 6 
740	0 1 3 4 5 
741	1 3 6 7 
742	0 3 5 6 
743	1 4 5 7 
744	1 3 4 6 7 
745	0 1 3 4 5 6 7 
746	3 4 
747	0 1 3 4 5 7 
748	0 2 6 
749	0 1 2 4 5 6 
750	1 5 
751	1 3 4 6 7 
752	1 2 3 4 5 6 7 
753	0 1 2 4 5 6 
754	0 1 2 4 6 7 
755	0 1 2 4 5 6 
756	1 2 3 4 5 6 7 
757	0 3 4 5 6 
758	1 2 3 4 5 6 7 
759	0 1 2 3 5 
760	0 1 3 4 5 6 7 
761	1 6 
762	0 1 2 3 4 5 6 7 
763	0 1 2 3 4 5 7 
764	1 3 4 5 6 
765	0 1 3 
766	1 2 3 4 5 6 7 
767	3 4 6 7 
768	1 2 3 4 5 6 7 
769	2 3 4 5 6 
770	1 2 3 4 5 6 7 
771	0 1 2 3 4 5 6 7 
772	5 
773	0 2 3 5 6 7 
774	0 1 2 3 4 5 6 7 
775	3 
776	0 1 2 4 5 7 
777	4 6 
778	1 2 3 7 
779	4 
780	1 3 4 5 6 7 
781	0 1 2 3 4 5 6 7 
782	0 1 5 
783	0 1 2 3 5 6 7 
784	0 2 5 6 7 
785	0 1 2 3 4 6 
786	0 1 2 3 4 5 6 7 
787	1 2 4 5 6 7 
788	0 1 3 5 6 
789	0 3 4 5 6 7 
790	0 1 2 3 4 5 6 
791	2 6 7 
792	1 3 4 5 7 
793	1 2 3 4 5 6 7 
794	1 2 3 4 5 7 
795	1 3 4 5 6 7 
796	0 1 2 4 5 6 
797	0 2 6 
798	0 1 2 3 4 5 6 7 
799	1 2 4 6 
800	1 2 3 4 6 7 
801	0 1 3 4 5 7 
802	0 3 5 6 7 
803	0 1 3 5 6 7 
804	1 4 5 7 
805	0 1 2 3 4 5 6 7 
806	1 3 4 5 6 
807	1 2 3 4 6 7 
808	0 1 2 3 4 5 6 7 
809	0 1 2 4 5 
810	0 1 2 3 4 5 6 7 
811	0 2 3 4 5 6 7 
812	1 2 3 4 6 7 
813	0 1 3 4 5 6 7 
814	1 2 3 4 5 7 
815	0 1 2 3 4 5 6 7 
816	0 1 3 4 6 7 
817	1 3 4 5 6 7 
818	0 1 2 3 4 5 6 7 
819	0 1 2 3 5 7 
820	3 5 6 7 
821	0 1 2 4 6 7 
822	0 1 2 3 4 6 7 
823	1 2 5 6 
824	6 
825	1 3 5 6 7 
826	2 3 4 5 6 
827	0 1 2 4 5 6 7 
828	4 
829	1 2 3 5 6 7 
830	1 6 7 
831	0 1 2 3 4 5 6 
832	0 2 4 5 6 7 
833	0 1 2 3 5 7 
834	0 1 3 4 5 6 
835	0 
836	1 3 4 6 7 
837	1 2 4 5 6 7 
838	0 2 3 5 6 7 
839	0 1 2 3 4 5 6 7 
840	0 2 3 4 5 6 
841	0 1 2 3 4 5 6 7 
842	1 2 5 6 7 
843	1 3 4 5 6 
844	0 1 3 4 5 7 
845	0 2 4 5 6 
846	0 1 2 3 4 5 6 7 
847	1 3 5 6 7 
848	3 4 5 6 
849	1 4 6 7 
850	0 1 3 4 5 6 
851	1 2 3 4 5 
852	1 3 4 6 7 
853	0 1 2 3 4 6 7 
854	2 3 4 6 7 
855	1 2 3 4 5 6 7 
856	1 2 3 4 5 6 7 
857	3 4 5 6 
858	0 1 2 3 4 5 7 
859	1 3 4 6 7 
860	0 1 2 3 4 6 7 
861	0 4 5 6 7 
862	1 4 6 7 
863	1 2 4 5 6 7 
864	1 7 
865	1 2 3 5 6 7 
866	1 3 4 5 6 
867	0 6 
868	1 2 3 5 6 7 
869	0 2 3 4 5 6 7 
870	0 2 3 4 5 6 7 
871	1 3 4 6 7 
872	0 1 2 4 6 7 
873	0 1 2 3 4 5 6 7 
874	0 1 2 3 4 5 6 
875	2 
876	0 2 3 5 6 7 
877	0 1 2 3 4 5 6 7 
878	1 2 3 4 5 6 
879	0 2 3 4 5 6 7 
880	0 1 2 3 4 5 6 7 
881	3 4 6 7 
882	0 1 3 4 5 6 
883	0 1 
884	1 2 3 4 5 6 7 
885	1 3 5 
886	1 2 4 6 7 
887	1 4 7 
888	1 2 3 4 5 6 7 
889	1 2 4 5 6 
890	0 1 2 3 5 6 
891	0 1 2 3 4 5 6 7 
892	0 1 4 
893	3 5 7 
894	0 2 3 5 
895	1 2 3 4 5 6 7 
896	0 1 2 3 4 5 6 
897	1 2 3 4 5 6 
898	0 1 2 3 4 5 6 7 
899	0 1 2 3 4 5 6 
900	0 1 2 3 5 6 
901	0 1 3 5 6 
902	1 2 3 5 7 
903	0 1 2 3 4 5 6 
904	1 2 3 5 6 7 
905	1 4 5 6 7 
906	0 1 2 3 5 6 
907	0 
908	1 4 6 7 
909	1 2 3 4 5 7 
910	0 1 2 3 4 5 6 7 
911	0 2 4 6 
912	0 1 2 3 5 6 7 
913	0 2 4 5 
914	0 5 6 7 
915	1 2 3 5 6 
916	1 3 4 5 6 
917	1 2 4 5 6 
918	0 1 2 3 4 5 6 7 
919	0 
920	0 1 3 4 5 6 7 
921	1 4 
922	0 2 3 4 6 7 
923	1 2 3 4 5 6 7 
924	0 1 2 3 4 
925	0 3 6 7 
926	0 1 2 3 4 5 6 
927	1 2 3 4 5 6 
928	0 1 2 3 4 5 6 
929	0 1 2 4 5 6 7 
930	1 5 
931	0 1 2 3 5 6 
932	0 1 2 3 5 6 7 
933	0 1 3 6 7 
934	1 2 3 5 7 
935	0 1 2 3 5 6 7 
936	0 1 2 3 4 5 6 7 
937	0 1 2 4 6 7 
938	0 1 3 5 6 7 
939	0 1 2 3 5 7 
940	3 6 7 
941	1 2 4 5 6 7 
942	0 1 3 4 5 6 7 
943	1 2 3 5 6 
944	3 4 5 6 
945	1 3 4 5 6 
946	0 1 6 
947	1 2 3 4 5 6 
948	0 2 7 
949	1 2 3 4 5 6 7 
950	0 1 3 4 5 6 
951	0 1 3 5 
952	0 1 3 4 5 7 
953	3 5 6 7 
954	0 3 5 6 7 
955	0 2 3 4 6 
956	1 2 3 4 5 7 
957	0 1 3 4 5 6 7 
958	1 2 3 6 7 
959	0 1 3 5 6 7 
960	0 3 6 
961	0 1 3 4 6 7 
962	0 1 3 4 5 6 7 
963	0 1 2 4 6 
964	1 2 3 4 5 6 7 
965	4 
966	1 3 4 5 6 7 
967	0 3 6 7 
968	1 3 4 6 7 
969	1 2 3 4 5 7 
970	0 4 
971	0 3 4 6 7 
972	2 3 4 5 6 7 
973	0 1 2 3 4 5 6 
974	1 2 3 4 5 6 
975	0 1 2 5 6 7 
976	0 1 2 3 4 5 6 7 
977	0 1 4 6 7 
978	1 3 5 6 7 
979	1 3 4 5 7 
980	0 6 7 
981	1 3 4 5 6 7 
982	1 2 3 4 5 6 7 
983	1 4 5 6 
984	5 
985	0 1 3 4 5 6 
986	5 6 
987	6 
988	0 1 2 3 5 6 7 
989	0 1 2 3 4 5 6 7 
990	0 1 2 4 5 6 
991	0 2 3 4 6 7 
992	1 2 3 5 6 7 
993	1 4 6 
994	0 6 
995	1 2 3 4 5 6 7 
996	0 1 6 7 
997	0 2 3 4 5 6 7 
998	0 3 4 6 7 
999	0 1 2 3 4 5 6 
1000	4 5 6 7 
1001	0 1 2 3 4 5 6 7 
1002	0 1 2 3 4 5 
1003	1 2 3 4 5 7 
1004	3 4 
1005	0 1 2 3 5 6 7 
1006	0 1 2 3 4 5 7 
1007	0 5 
1008	2 3 4 5 6 
1009	2 3 4 5 7 
1010	0 2 3 6 7 
1011	1 2 3 4 5 6 7 
1012	0 1 2 3 4 5 6 7 
1013	1 2 3 4 5 6 7 
1014	2 3 4 5 6 7 
1015	0 1 2 3 4 6 7 
1016	0 1 3 4 6 
1017	1 2 3 4 5 6 7 
1018	0 1 4 6 7 
1019	0 1 2 4 5 6 7 
1020	1 2 3 4 5 7 
1021	0 1 3 4 6 
1022	1 2 3 4 5 6 
1023	0 1 2 4 6 7 
1024	0 1 3 4 5 6 7 
1025	1 2 3 4 5 6 7 
1026	1 3 4 5 
1027	0 1 5 6 
1028	1 3 5 6 
1029	0 1 3 4 5 6 
1030	0 1 4 5 
1031	0 1 2 4 5 7 
1032	0 1 3 5 6 
1033	0 2 3 4 5 6 
1034	0 1 2 3 4 6 7 
1035	0 1 2 3 4 5 6 
1036	0 3 4 5 6 7 
1037	0 1 2 3 4 5 6 
1038	4 5 
1039	0 1 2 4 6 7 
1040	0 1 2 3 4 5 6 7 
1041	1 4 5 6 
1042	1 2 4 5 6 
1043	0 1 2 3 6 7 
1044	1 2 3 5 6 7 
1045	1 2 3 4 5 6 7 
1046	0 1 2 
1047	0 1 2 3 4 6 7 
1048	1 3 4 5 
1049	1 2 3 5 6 7 
1050	0 1 2 3 4 5 6 7 
1051	4 5 
1052	1 3 4 5 6 7 
1053	0 4 5 6 7 
1054	2 
1055	1 2 3 4 5 7 
1056	1 3 4 5 6 7 
1057	0 1 2 3 5 6 7 
1058	4 
1059	0 1 2 3 4 5 6 7 
1060	1 2 5 
1061	0 1 2 3 4 5 6 
1062	1 3 4 5 6 7 
1063	0 1 2 3 4 5 6 7 
1064	3 5 6 7 
1065	1 2 3 4 5 7 
1066	0 4 7 
1067	0 1 2 3 4 5 7 
1068	1 2 4 5 6 7 
1069	0 1 2 6 
1070	0 1 2 3 5 6 7 
1071	0 1 2 4 5 6 7 
1072	0 1 2 3 4 6 7 
1073	0 1 2 6 
1074	0 1 3 4 5 7 
1075	0 1 4 6 7 
1076	0 1 2 3 4 5 6 
1077	1 2 3 4 5 
1078	0 1 3 4 6 7 
1079	1 2 3 4 5 6 7 
1080	0 1 2 3 4 5 6 
1081	0 1 2 3 4 6 7 
1082	1 2 3 4 5 6 7 
1083	0 1 3 4 5 
1084	3 4 5 6 
1085	0 1 3 5 7 
1086	0 1 2 3 4 5 6 7 
1087	2 4 6 7 
1088	0 2 4 5 6 7 
1089	1 3 4 5 6 7 
1090	1 2 3 4 5 6 
1091	0 3 4 5 7 
1092	1 4 5 6 7 
1093	1 2 3 4 5 6 7 
1094	0 2 4 6 7 
1095	1 3 5 6 
1096	1 2 3 4 5 6 
1097	1 2 3 5 6 7 
1098	1 3 4 5 
1099	0 2 4 
1100	1 2 5 6 7 
1101	0 1 2 4 5 6 7 
1102	0 1 2 3 4 5 6 7 
1103	0 1 4 6 7 
1104	0 1 2 3 5 6 7 
1105	0 1 3 5 6 7 
1106	0 1 3 4 5 6 7 
1107	0 1 3 4 5 6 7 
1108	1 2 4 5 6 7 
1109	1 3 4 5 6 
1110	0 1 2 3 4 5 6 
1111	0 4 6 7 
1112	0 1 2 3 4 6 7 
1113	0 1 2 5 6 
1114	2 3 4 5 6 7 
1115	0 
1116	1 3 5 6 7 
1117	0 1 2 4 5 6 
1118	0 1 2 3 4 5 6 7 
1119	0 1 3 4 5 7 
1120	1 2 3 4 5 6 7 
1121	1 2 3 4 5 6 
1122	0 1 2 4 5 6 7 
1123	2 3 5 6 7 
1124	3 4 5 6 
1125	1 3 4 5 6 
1126	2 3 4 5 6 7 
1127	0 1 3 4 5 7 
1128	5 
1129	1 2 3 5 6 7 
1130	0 1 3 4 5 6 
1131	0 1 2 
1132	0 1 5 6 7 
1133	1 3 4 6 7 
1134	1 3 4 5 6 
1135	0 1 3 4 5 6 7 
1136	1 4 5 
1137	0 1 2 3 4 5 7 
1138	1 3 4 5 6 
1139	1 3 4 5 
1140	0 1 3 5 6 
1141	1 2 5 6 
1142	0 4 5 
1143	2 3 4 5 6 
1144	0 1 2 3 4 7 
1145	0 1 2 3 4 5 6 7 
1146	1 2 4 6 7 
1147	0 1 2 3 4 5 7 
1148	1 2 3 4 6 
1149	0 2 4 5 6 
1150	1 3 4 6 
1151	0 2 4 6 
1152	1 2 3 4 5 7 
1153	0 1 3 5 6 7 
1154	1 3 4 5 6 7 
1155	0 1 2 3 4 5 6 7 
1156	0 1 3 4 6 
1157	1 2 3 4 5 6 
1158	0 2 6 7 
1159	1 2 4 5 6 7 
1160	7 
1161	0 1 2 3 6 7 
1162	1 2 3 4 5 6 7 
1163	1 2 3 4 5 6 
1164	0 2 4 6 7 
1165	0 1 2 5 7 
1166	0 4 
1167	0 1 2 3 5 6 7 
1168	0 2 3 4 
1169	1 2 3 4 5 6 7 
1170	0 1 2 3 4 5 6 7 
1171	0 3 7 
1172	0 1 3 4 5 6 
1173	1 2 3 4 5 6 7 
1174	1 2 3 4 5 6 7 
1175	1 3 4 5 6 
1176	0 1 2 3 4 5 6 7 
1177	4 5 
1178	0 1 2 3 4 6 7 
1179	0 1 2 3 5 6 7 
1180	1 2 3 4 5 6 7 
1181	1 2 3 4 5 6 7 
1182	2 3 4 5 6 7 
1183	1 2 3 4 5 6 7 
1184	6 
1185	0 3 4 5 
1186	1 2 3 4 5 6 
1187	0 1 5 6 
1188	0 1 3 4 5 7 
1189	1 2 5 6 7 
1190	0 1 3 4 5 6 
1191	1 5 6 
1192	0 2 3 5 6 
1193	0 1 4 
1194	3 6 7 
1195	0 1 2 3 4 5 6 7 
1196	0 1 3 4 5 6 7 
1197	0 1 2 3 4 5 6 7 
1198	0 1 3 4 5 6 7 
1199	0 1 4 5 6 7 
1200	1 2 3 4 6 7 
1201	1 4 5 6 7 
1202	3 
1203	1 2 3 4 5 7 
1204	4 
1205	0 1 2 3 4 5 7 
1206	1 2 3 4 5 6 7 
1207	1 2 3 4 
1208	0 1 2 4 5 6 7 
1209	1 
1210	0 1 2 3 6 7 
1211	0 1 2 3 4 5 6 
1212	0 2 3 4 5 6 7 
1213	0 1 2 4 5 6 
1214	1 3 4 5 6 7 
1215	0 1 2 3 5 6 7 
1216	5 
1217	1 2 3 6 7 
1218	1 2 3 4 5 6 
1219	0 1 2 3 4 5 7 
1220	1 3 5 6 7 
1221	0 1 2 3 4 5 6 7 
1222	1 3 4 5 6 
1223	0 4 
1224	1 2 3 4 5 6 7 
1225	0 2 4 6 
1226	0 1 2 3 4 5 6 7 
1227	1 4 6 
1228	1 3 4 5 6 7 
1229	0 1 2 4 5 6 7 
1230	0 1 2 3 4 5 6 7 
1231	0 1 3 4 6 7 
1232	0 1 2 5 
1233	0 1 2 3 4 5 6 
1234	0 1 2 3 4 5 6 7 
1235	1 2 3 5 6 7 
1236	2 3 4 5 7 
1237	0 1 2 3 4 5 6 7 
1238	0 1 2 3 4 6 7 
1239	0 1 2 4 6 7 
1240	1 2 
1241	0 1 2 3 5 7 
1242	0 5 7 
1243	3 6 7 
1244	0 1 3 4 5 6 
1245	0 1 4 5 7 
1246	0 1 2 3 4 5 6 7 
1247	0 1 2 3 4 5 6 7 
1248	1 3 4 5 6 7 
1249	5 7 
1250	1 2 3 6 7 
1251	3 4 5 6 7 
1252	0 1 2 5 6 7 
1253	2 3 4 5 6 7 
1254	0 1 2 3 4 5 6 7 
1255	3 4 5 6 7 
1256	0 1 2 3 5 6 
1257	1 2 7 
1258	1 2 3 4 5 6 7 
1259	1 3 4 5 6 7 
1260	1 3 6 7 
1261	0 1 2 4 5 6 
1262	1 4 6 
1263	2 3 4 5 6 7 
1264	1 2 3 4 5 6 7 
1265	2 4 
1266	1 4 6 7 
1267	0 1 3 5 6 
1268	0 2 4 7 
1269	0 1 2 3 5 6 7 
1270	0 1 4 5 6 7 
1271	3 4 5 6 
1272	0 1 2 3 4 5 7 
1273	0 3 5 6 7 
1274	0 1 3 4 5 6 7 
1275	0 
1276	1 2 3 4 5 7 
1277	1 4 5 6 7 
1278	1 3 5 6 
1279	2 5 6 7 
1280	1 2 3 5 6 7 
1281	1 2 3 4 5 6 
1282	1 
1283	1 3 4 6 7 
1284	0 2 3 4 5 6 7 
1285	4 
1286	0 1 2 3 4 6 7 
1287	1 2 3 4 5 6 
1288	3 4 
1289	0 1 2 3 4 5 6 7 
1290	1 2 3 4 5 6 7 
1291	2 4 5 6 
1292	1 2 3 4 5 6 
1293	2 
1294	0 1 2 5 6 7 
1295	1 3 4 5 
1296	0 3 4 5 6 
1297	1 2 3 5 6 
1298	1 3 6 7 
1299	1 2 3 4 5 6 7 
1300	0 1 2 3 4 5 6 7 
1301	1 2 6 
1302	0 1 3 4 5 6 7 
1303	0 1 3 4 5 6 7 
1304	1 2 3 4 5 6 7 
1305	0 1 2 4 5 6 7 
1306	0 1 2 4 5 6 7 
1307	1 2 3 4 5 6 7 
1308	3 4 5 6 7 
1309	0 1 2 3 4 6 
1310	1 2 3 4 7 
1311	1 5 
1312	1 3 5 6 7 
1313	1 2 3 4 5 6 7 
1314	2 
1315	3 6 7 
1316	1 2 3 4 5 6 7 
1317	3 
1318	0 1 2 3 4 5 6 7 
1319	0 1 2 3 4 5 6 
1320	0 1 2 4 6 7 
1321	0 1 2 3 5 7 
1322	1 2 3 4 5 6 7 
1323	0 2 5 
1324	1 3 4 5 6 7 
1325	3 5 6 7 
1326	0 1 3 4 5 6 7 
1327	6 
1328	1 3 4 5 7 
1329	0 2 3 4 5 6 
1330	0 1 2 3 4 5 6 
1331	0 1 2 3 4 5 6 7 
1332	1 3 4 5 6 7 
1333	1 3 4 5 7 
1334	0 1 2 3 4 5 6 
1335	0 1 3 4 5 6 7 
1336	0 2 4 5 6 
1337	1 3 4 5 6 7 
1338	1 2 3 4 5 6 7 
1339	1 6 
1340	1 2 3 4 6 7 
1341	1 3 4 5 6 7 
1342	0 1 2 3 4 
1343	1 2 3 4 5 6 7 
1344	1 2 4 5 6 7 
1345	0 1 2 3 5 6 7 
1346	0 1 2 3 4 6 7 
1347	0 1 2 3 4 5 7 
1348	0 2 3 4 5 7 
1349	0 1 2 3 4 5 6 7 
1350	0 1 2 3 5 7 
1351	0 1 3 4 5 6 7 
1352	1 2 3 4 5 6 7 
1353	0 1 
1354	1 2 3 4 5 6 7 
1355	6 
1356	0 1 2 3 4 5 6 7 
1357	1 2 3 4 5 6 7 
1358	1 3 4 5 
1359	1 2 3 5 6 
1360	0 1 3 4 5 6 
1361	6 
1362	1 3 4 5 6 7 
1363	1 4 5 6 
1364	0 1 3 4 5 6 7 
1365	0 1 3 5 6 7 
1366	1 2 3 4 6 
1367	0 1 2 3 4 5 6 
1368	4 5 
1369	0 1 2 3 4 5 7 
1370	0 1 3 5 6 
1371	1 2 3 6 7 
1372	1 2 3 4 5 6 
1373	0 1 2 3 4 5 6 
1374	1 3 4 6 7 
1375	0 1 3 4 5 6 7 
1376	1 2 3 4 5 6 
1377	1 2 3 4 7 
1378	0 4 6 
1379	0 2 4 5 6 7 
1380	0 
1381	1 3 6 7 
1382	1 2 4 
1383	1 3 4 5 7 
1384	1 2 3 4 5 6 
1385	1 2 4 5 6 7 
1386	0 1 3 4 5 7 
1387	5 
1388	2 3 4 6 
1389	0 1 2 3 4 5 6 
1390	0 1 3 4 6 7 
1391	0 1 2 3 4 5 6 7 
1392	1 3 4 5 6 7 
1393	1 3 4 5 6 7 
1394	3 
1395	5 6 
1396	1 4 5 6 
1397	1 2 3 5 6 7 
1398	1 2 3 4 5 6 7 
1399	0 4 5 
1400	1 3 4 6 
1401	1 2 3 4 5 6 
1402	0 1 2 3 4 6 7 
1403	1 2 3 5 6 
1404	1 6 
1405	1 3 4 5 6 
1406	2 4 6 7 
1407	1 3 4 5 6 7 
1408	0 1 3 6 7 
1409	1 2 3 4 5 6 7 
1410	0 1 2 3 4 5 6 
1411	0 7 
1412	0 1 2 3 4 5 6 7 
1413	7 
1414	3 4 5 6 7 
1415	1 4 5 6 7 
1416	2 6 
1417	1 2 3 5 6 7 
1418	0 1 2 3 4 5 6 7 
1419	1 2 4 5 7 
1420	0 1 2 3 4 6 
1421	1 2 3 4 5 7 
1422	1 2 3 5 6 7 
1423	0 1 4 6 
1424	1 2 3 4 5 6 7 
1425	0 1 2 3 4 6 7 
1426	0 1 2 3 4 5 6 7 
1427	0 1 2 3 4 5 6 
1428	0 2 4 6 
1429	2 3 4 5 
1430	1 3 5 
1431	1 3 4 5 6 7 
1432	0 1 3 4 5 7 
1433	0 1 2 4 6 
1434	1 2 3 4 5 7 
1435	0 1 4 5 7 
1436	0 1 3 4 5 6 
1437	0 1 2 3 4 5 6 7 
1438	6 
1439	0 3 4 5 6 7 
1440	1 2 3 4 5 6 
1441	1 3 4 5 6 
1442	1 3 4 5 6 
1443	0 1 3 4 5 7 
1444	0 1 4 7 
1445	0 1 2 3 4 5 6 
1446	3 4 5 6 7 
1447	1 3 4 6 7 
1448	1 2 4 5 6 
1449	0 2 4 5 6 7 
1450	1 2 3 4 5 7 
1451	0 1 2 3 5 6 7 
1452	1 3 5 6 
1453	0 1 3 4 6 
1454	0 1 2 4 
1455	0 1 3 4 5 6 7 
1456	0 2 3 6 7 
1457	0 2 3 4 5 6 
1458	1 3 4 5 7 
1459	0 1 2 3 4 5 7 
1460	0 1 2 3 4 6 
1461	2 3 4 5 7 
1462	0 1 3 4 6 
1463	0 1 2 4 5 7 
1464	0 1 2 4 6 7 
1465	0 1 2 3 5 7 
1466	0 1 3 4 5 6 
1467	0 2 6 7 
1468	0 1 2 3 4 5 6 7 
1469	0 1 2 3 4 5 6 
1470	1 2 3 4 6 7 
1471	0 1 2 3 4 5 6 7 
1472	0 1 2 3 4 5 6 7 
1473	1 
1474	1 3 4 5 6 7 
1475	1 2 5 6 
1476	2 3 4 5 7 
1477	0 1 2 4 5 
1478	0 1 2 3 6 
1479	0 1 2 
1480	1 2 3 4 5 6 7 
1481	1 3 7 
1482	0 1 2 3 4 5 6 7 
1483	0 1 3 4 5 6 7 
1484	0 1 2 3 6 7 
1485	0 1 2 3 4 5 6 
1486	0 1 2 3 4 5 6 7 
1487	0 1 2 3 4 5 6 7 
1488	1 3 4 5 6 7 
1489	0 2 4 5 6 7 
1490	2 4 5 6 
1491	2 3 4 5 6 7 
1492	0 1 2 3 4 5 
1493	1 4 5 7 
1494	1 3 4 5 6 
1495	0 1 3 4 5 6 7 
1496	0 1 3 4 5 
1497	1 3 4 5 6 
1498	2 3 4 6 
1499	1 3 5 6 7 
1500	4 
1501	0 1 3 4 5 6 
1502	0 1 2 3 6 7 
1503	1 3 5 6 7 
1504	0 1 3 4 5 6 7 
1505	1 3 4 5 7 
1506	2 4 7 
1507	0 1 2 3 4 5 7 
1508	1 2 3 5 6 7 
1509	6 
1510	1 3 4 5 6 7 
1511	1 2 3 4 5 6 7 
1512	0 1 3 4 6 7 
1513	0 1 3 4 5 6 7 
1514	0 1 
1515	0 1 3 4 5 
1516	1 2 3 4 5 7 
1517	0 1 2 3 4 5 7 
1518	0 1 3 4 5 7 
1519	0 4 6 
1520	5 6 
1521	0 1 3 4 5 6 
1522	0 1 3 4 5 6 7 
1523	0 1 2 4 5 6 7 
1524	1 
1525	0 1 3 4 5 6 
1526	0 2 
1527	0 1 2 3 4 5 7 
1528	0 1 
1529	0 1 3 6 
1530	1 2 3 4 5 6 7 
1531	1 2 3 4 5 6 7 
1532	0 2 7 
1533	1 2 3 6 7 
1534	0 1 2 3 4 5 6 7 
1535	2 6 
1536	0 1 4 5 6 7 
1537	2 3 7 
1538	1 3 4 5 6 7 
1539	1 2 3 5 7 
1540	1 2 4 5 6 7 
1541	1 2 3 5 6 
1542	0 1 2 6 7 
1543	1 3 5 6 
1544	1 2 5 6 7 
1545	0 1 2 3 5 6 7 
1546	0 2 4 
1547	0 1 2 3 5 6 7 
1548	0 1 3 4 5 6 
1549	0 2 4 5 6 7 
1550	0 2 3 
1551	1 3 5 7 
1552	0 1 5 6 7 
1553	1 2 3 4 7 
1554	1 2 3 5 6 
1555	0 1 6 
1556	2 3 5 7 
1557	0 1 2 3 4 5 6 7 
1558	4 
1559	0 2 3 4 5 6 7 
1560	1 3 4 5 6 
1561	0 1 2 3 4 5 6 7 
1562	0 5 6 
1563	0 2 3 4 5 
1564	1 3 5 6 
1565	1 2 3 5 
1566	0 1 2 3 4 5 7 
1567	1 2 3 4 5 6 7 
1568	1 2 3 4 5 6 7 
1569	0 1 3 4 5 6 7 
1570	1 2 3 4 5 
1571	1 3 4 7 
1572	3 4 5 6 7 
1573	0 1 2 3 4 5 6 7 
1574	0 1 3 4 5 7 
1575	0 1 2 4 5 6 
1576	0 1 2 3 4 5 6 7 
1577	1 3 4 5 7 
1578	0 1 3 4 5 6 7 
1579	0 1 3 4 5 6 7 
1580	1 2 3 4 5 7 
1581	0 1 2 3 5 6 7 
1582	1 2 3 4 5 6 7 
1583	0 1 2 3 5 7 
1584	0 1 2 3 5 6 
1585	1 2 3 4 5 6 7 
1586	0 1 3 4 5 6 
1587	0 3 4 6 
1588	0 1 2 3 4 6 7 
1589	0 1 3 4 5 7 
1590	6 
1591	1 2 3 4 5 6 7 
1592	1 3 4 5 6 7 
1593	0 
1594	1 2 3 5 6 7 
1595	1 2 3 4 5 6 7 
1596	0 
1597	2 3 4 5 6 7 
1598	0 1 2 3 4 5 6 7 
1599	1 3 4 5 6 
1600	1 7 
1601	1 3 4 6 
1602	0 1 4 5 6 
1603	0 
1604	1 2 3 4 5 6 
1605	0 1 2 4 6 7 
1606	2 3 4 5 6 7 
1607	0 1 2 3 4 5 6 7 
1608	1 5 
1609	7 
1610	0 1 2 3 4 5 6 7 
1611	0 1 3 4 5 6 7 
1612	0 1 3 4 5 6 7 
1613	0 6 7 
1614	1 3 4 5 6 7 
1615	1 
1616	1 2 3 5 6 7 
1617	1 2 3 4 5 6 7 
1618	1 2 3 4 5 6 
1619	0 1 2 3 4 5 6 
1620	0 1 2 4 5 6 7 
1621	0 1 2 3 4 5 6 
1622	1 2 6 7 
1623	0 1 2 3 4 5 6 
1624	1 3 4 5 6 
1625	0 1 3 5 6 7 
1626	0 1 2 4 7 
1627	0 1 2 3 5 6 7 
1628	0 
1629	2 3 5 7 
1630	1 2 3 4 5 6 7 
1631	2 7 
1632	1 3 5 6 
1633	1 2 3 4 5 6 
1634	0 1 2 3 4 5 6 
1635	2 
1636	1 3 4 6 7 
1637	1 2 3 4 5 6 
1638	0 4 5 
1639	0 1 2 3 4 5 6 
1640	1 3 4 5 6 7 
1641	0 2 
1642	3 4 5 7 
1643	0 1 3 4 5 6 7 
1644	3 
1645	0 2 3 6 7 
1646	1 3 5 7 
1647	3 4 5 6 7 
1648	0 1 2 3 4 5 6 7 
1649	1 2 3 4 6 7 
1650	0 4 6 
1651	0 2 3 5 6 
1652	0 1 2 3 5 6 
1653	1 3 4 5 7 
1654	1 2 5 6 7 
1655	0 1 3 4 5 6 7 
1656	0 2 4 5 6 
1657	0 1 3 5 6 7 
1658	1 3 4 5 6 7 
1659	2 3 4 5 6 7 
1660	1 2 3 4 5 7 
1661	6 
1662	1 2 3 4 5 6 7 
1663	4 6 
1664	0 1 2 3 5 6 7 
1665	0 1 3 5 6 7 
1666	0 1 3 4 5 6 7 
1667	0 1 2 3 4 5 6 
1668	6 
1669	1 3 4 5 6 7 
1670	0 1 2 3 4 5 6 7 
1671	0 1 2 3 4 5 6 7 
1672	0 2 4 5 
1673	3 6 
1674	0 1 2 3 4 5 6 
1675	3 4 5 6 7 
1676	1 7 
1677	0 1 3 4 5 6 
1678	0 1 2 3 5 6 7 
1679	1 4 5 6 7 
1680	2 4 5 
1681	0 1 2 3 4 5 7 
1682	0 1 2 3 5 6 7 
1683	0 1 2 3 4 5 6 
1684	0 1 3 4 5 6 7 
1685	1 2 3 4 5 6 7 
1686	0 2 3 4 5 6 7 
1687	0 1 4 6 7 
1688	1 2 3 4 5 6 7 
1689	1 3 4 5 6 7 
1690	1 4 5 6 7 
1691	0 2 3 4 5 6 7 
1692	0 1 2 3 4 5 6 7 
1693	0 1 2 4 6 7 
1694	0 1 3 5 6 7 
1695	1 3 4 5 6 7 
1696	0 1 2 3 4 6 
1697	0 1 3 4 5 6 7 
1698	1 2 4 6 
1699	0 1 2 3 4 5 6 7 
1700	0 1 3 5 6 7 
1701	0 1 2 3 4 5 7 
1702	1 2 3 4 5 6 
1703	1 3 5 6 7 
1704	1 2 4 5 7 
1705	0 1 2 3 4 6 7 
1706	1 3 4 6 7 
1707	0 1 3 4 5 7 
1708	0 1 3 4 5 6 7 
1709	0 1 2 6 
1710	1 2 3 4 5 6 7 
1711	0 1 2 4 5 6 
1712	1 2 5 6 
1713	5 6 7 
1714	0 
1715	3 4 6 7 
1716	0 2 3 4 5 6 
1717	0 1 3 4 
1718	0 1 2 3 4 6 7 
1719	0 6 
1720	0 1 3 5 6 7 
1721	1 2 3 5 7 
1722	1 2 3 4 5 6 7 
1723	0 1 2 3 4 5 6 7 
1724	0 1 3 4 5 6 7 
1725	0 1 2 3 4 5 7 
1726	0 1 2 3 4 5 6 
1727	0 1 2 3 4 5 7 
1728	1 5 
1729	1 2 3 4 6 7 
1730	0 1 2 3 4 5 6 7 
1731	1 2 3 4 5 6 
1732	0 1 2 3 5 6 
1733	1 3 4 5 7 
1734	0 1 3 5 6 7 
1735	1 2 3 4 5 6 7 
1736	0 2 4 
1737	1 2 3 5 6 7 
1738	0 1 2 4 5 6 7 
1739	1 2 3 4 5 6 
1740	1 4 5 
1741	3 5 6 
1742	1 2 3 4 5 6 
1743	1 2 3 4 5 6 
1744	2 
1745	0 1 2 3 4 5 6 7 
1746	0 1 2 3 4 5 6 7 
1747	1 2 3 4 5 6 7 
1748	0 1 2 5 6 
1749	2 3 4 5 
1750	2 3 4 5 6 7 
1751	1 3 4 5 6 7 
1752	1 2 3 4 5 6 7 
1753	2 3 4 7 
1754	0 1 2 3 4 5 6 
1755	0 1 3 4 6 7 
1756	0 1 3 5 7 
1757	0 4 5 6 
1758	0 1 2 3 4 5 6 
1759	1 2 5 
1760	1 2 3 4 5 6 7 
1761	0 1 2 3 5 7 
1762	4 
1763	2 3 4 6 7 
1764	0 1 4 6 7 
1765	3 
1766	1 2 4 5 7 
1767	1 4 
1768	1 6 
1769	3 4 6 7 
1770	0 1 2 3 4 5 6 7 
1771	0 2 4 5 6 
1772	0 1 2 3 4 5 
1773	1 3 6 7 
1774	0 1 3 4 5 
1775	0 2 3 4 5 6 7 
1776	1 2 3 4 6 
1777	0 1 6 
1778	0 2 3 4 5 6 
1779	0 1 2 4 5 6 7 
1780	0 
1781	0 1 4 7 
1782	1 2 3 4 5 6 7 
1783	1 2 3 4 5 6 7 
1784	1 2 3 4 
1785	0 1 2 3 4 5 6 
1786	6 
1787	1 3 5 6 7 
1788	0 1 3 4 7 
1789	1 2 3 5 6 7 
1790	0 1 4 7 
1791	0 1 2 3 4 5 6 7 
1792	1 4 6 
1793	1 2 3 6 
1794	1 2 3 4 5 6 7 
1795	2 3 4 5 6 7 
1796	1 3 4 5 7 
1797	0 5 
1798	0 1 2 3 4 5 6 7 
1799	0 3 4 5 6 7 
1800	0 1 3 4 5 6 7 
1801	1 4 5 6 
1802	1 3 4 5 6 7 
1803	0 1 3 4 5 6 7 
1804	1 2 4 5 7 
1805	0 1 6 7 
1806	1 2 3 4 5 6 7 
1807	0 1 4 6 
1808	1 3 4 5 7 
1809	0 1 4 6 
1810	1 2 3 4 6 7 
1811	0 1 2 4 5 7 
1812	4 7 
1813	2 3 4 5 6 7 
1814	0 1 2 3 4 5 6 7 
1815	1 2 3 4 6 
1816	1 2 4 5 6 7 
1817	0 1 2 3 4 5 6 7 
1818	2 3 5 6 7 
1819	0 1 2 4 5 7 
1820	2 3 4 5 6 
1821	1 3 4 5 6 7 
1822	6 
1823	0 1 2 3 5 6 7 
1824	0 3 4 6 7 
1825	1 4 
1826	2 3 4 5 6 7 
1827	4 6 7 
1828	1 2 3 4 5 6 7 
1829	1 3 4 5 6 7 
1830	0 1 3 4 5 6 7 
1831	1 2 4 6 
1832	1 3 5 6 7 
1833	1 2 4 5 
1834	0 1 2 4 5 6 7 
1835	1 2 3 5 7 
1836	0 1 2 3 4 5 6 7 
1837	0 1 2 4 5 6 7 
1838	1 3 4 6 7 
1839	0 3 4 5 6 7 
1840	2 4 5 
1841	1 3 4 5 6 7 
1842	0 1 2 3 4 5 7 
1843	1 3 4 5 6 7 
1844	2 5 6 
1845	0 
1846	0 1 3 4 5 6 7 
1847	0 3 5 7 
1848	1 2 3 5 6 
1849	0 2 4 7 
1850	2 3 6 7 
1851	1 2 4 5 6 7 
1852	0 1 3 4 5 6 7 
1853	0 6 
1854	0 1 2 3 4 5 6 
1855	5 
1856	0 1 3 4 6 7 
1857	1 2 3 4 5 7 
1858	0 1 2 3 5 6 7 
1859	0 1 3 5 6 7 
1860	1 2 3 4 5 6 7 
1861	3 4 5 
1862	0 1 2 3 4 5 6 7 
1863	0 1 2 4 5 6 7 
1864	1 
1865	2 3 4 5 6 7 
1866	0 1 2 3 4 5 6 7 
1867	0 1 2 3 4 7 
1868	2 3 4 5 6 7 
1869	0 1 2 3 4 6 7 
1870	0 1 2 3 4 5 6 
1871	1 2 3 5 7 
1872	1 3 5 
1873	6 
1874	1 4 6 
1875	1 3 4 5 6 7 
1876	0 1 2 3 4 5 6 7 
1877	0 1 2 4 5 6 7 
1878	1 2 3 4 5 6 7 
1879	0 1 4 5 6 7 
1880	1 3 4 5 6 
1881	1 2 4 6 7 
1882	1 3 4 5 6 
1883	0 2 4 6 
1884	1 2 3 4 5 
1885	0 1 2 3 5 6 7 
1886	5 
1887	1 2 3 4 5 6 7 
1888	0 1 2 3 4 5 6 7 
1889	6 
1890	1 2 3 4 5 6 7 
1891	0 2 4 5 6 7 
1892	1 2 3 4 5 6 
1893	2 4 5 
1894	4 5 6 
1895	3 5 6 7 
1896	0 2 5 6 
1897	0 2 4 7 
1898	0 1 2 3 4 5 6 7 
1899	0 1 2 3 4 5 6 
1900	1 3 4 5 6 
1901	0 2 3 5 6 
1902	0 1 3 6 
1903	1 4 5 6 7 
1904	0 1 2 3 4 5 6 7 
1905	0 1 2 3 4 5 6 7 
1906	1 2 3 4 5 6 
1907	1 2 3 4 5 6 7 
1908	0 1 3 4 5 7 
1909	1 4 5 6 7 
1910	1 3 5 6 7 
1911	1 2 3 4 5 6 
1912	1 2 4 5 6 
1913	1 
1914	1 2 3 4 5 
1915	0 1 2 4 7 
1916	0 1 2 3 4 5 7 
1917	1 2 4 5 6 
1918	0 1 2 3 4 5 6 7 
1919	5 6 
1920	1 3 4 5 6 7 
1921	2 5 6 
1922	0 1 3 4 5 6 7 
1923	4 7 
1924	1 2 3 4 5 6 
1925	1 3 4 
1926	0 1 3 4 5 7 
1927	0 1 3 4 6 
1928	0 1 2 3 6 
1929	3 4 5 6 7 
1930	2 3 5 6 
1931	1 3 4 5 6 7 
1932	0 1 5 
1933	0 3 4 5 7 
1934	0 
1935	1 2 3 4 5 6 7 
1936	1 3 4 5 6 7 
1937	2 3 4 5 7 
1938	2 3 4 5 6 
1939	1 2 3 4 5 6 7 
1940	0 1 3 4 5 6 
1941	0 6 
1942	0 1 3 4 5 6 7 
1943	2 3 6 7 
1944	0 1 3 4 5 6 7 
1945	0 1 2 5 6 7 
1946	1 4 
1947	0 1 2 3 4 6 7 
1948	0 1 2 3 4 5 6 7 
1949	0 2 3 6 
1950	0 1 4 5 6 7 
1951	0 1 3 4 5 6 7 
1952	1 2 
1953	0 2 3 4 5 6 7 
1954	1 2 4 5 
1955	1 3 4 5 6 
1956	0 4 6 
1957	0 1 2 3 4 6 
1958	0 6 
1959	0 2 3 4 5 6 7 
1960	0 1 2 4 5 6 7 
1961	1 2 3 4 5 7 
1962	0 1 2 3 4 5 6 7 
1963	2 3 4 5 6 
1964	1 2 3 4 5 7 
1965	0 1 5 6 7 
1966	2 4 6 
1967	0 1 4 5 6 
1968	0 1 3 4 6 7 
1969	0 1 2 3 4 5 6 7 
1970	0 1 2 3 4 5 6 7 
1971	0 2 3 4 7 
1972	2 3 4 5 6 7 
1973	1 2 4 6 7 
1974	0 1 2 4 5 6 
1975	0 1 3 4 5 7 
1976	0 1 2 5 6 7 
1977	0 1 2 6 
1978	1 2 3 4 5 6 7 
1979	0 3 4 5 6 7 
1980	0 2 3 6 
1981	0 1 2 4 7 
1982	0 1 2 3 4 5 6 7 
1983	4 
1984	1 6 7 
1985	0 1 2 3 6 
1986	1 2 3 4 5 6 
1987	0 1 3 5 6 7 
1988	0 1 4 6 7 
1989	1 3 4 5 
1990	0 1 2 3 4 5 6 7 
1991	0 1 2 3 4 5 6 7 
1992	0 1 2 3 4 5 6 7 
1993	0 1 2 4 6 
1994	1 2 3 6 
1995	0 1 3 4 5 6 
1996	1 7 
1997	0 1 2 3 5 6 7 
1998	1 2 3 5 7 
1999	1 2 3 4 5 6 
2000	0 1 2 4 6 
2001	1 2 3 4 5 6 
2002	0 2 4 5 6 7 
2003	0 1 2 3 4 5 6 7 
2004	1 6 7 
2005	1 2 3 5 6 7 
2006	1 2 3 4 5 6 
2007	1 3 4 5 6 
2008	0 1 2 3 5 6 
2009	0 1 4 7 
2010	0 1 2 5 6 7 
2011	0 1 2 3 4 5 
2012	1 2 4 5 6 7 
2013	0 1 2 3 4 6 
2014	1 2 3 4 6 7 
2015	0 1 2 4 5 6 
2016	1 2 4 5 6 
2017	6 
2018	1 3 4 5 6 7 
2019	0 1 2 3 4 6 7 
2020	0 1 2 4 5 6 
2021	1 2 3 4 5 6 7 
2022	0 1 5 7 
2023	1 2 3 5 6 7 
2024	1 2 3 5 6 7 
2025	0 2 7 
2026	1 2 3 4 5 6 7 
2027	0 1 2 5 6 7 
2028	1 3 4 6 7 
2029	1 2 3 4 5 6 7 
2030	1 2 4 5 6 7 
2031	0 1 2 3 5 6 7 
2032	0 1 6 
2033	2 3 4 5 6 
2034	0 1 2 3 4 5 6 
2035	0 1 
2036	1 2 3 4 5 6 
2037	0 1 2 3 4 5 7 
2038	0 1 2 3 4 6 7 
2039	0 1 3 4 5 6 7 
2040	0 1 4 5 6 
2041	1 2 3 4 5 7 
2042	1 2 3 4 5 6 7 
2043	0 1 4 5 6 
2044	1 2 3 4 5 6 7 
2045	0 1 2 4 5 6 7 
2046	1 3 6 7 
2047	0 1 2 3 4 5 
2048	1 2 3 4 5 6 7 
2049	1 2 3 5 7 
2050	0 1 2 3 4 5 6 7 
2051	1 
2052	2 3 4 5 7 
2053	0 
2054	0 2 3 4 5 6 
2055	2 3 4 6 
2056	2 3 4 5 6 7 
2057	1 2 4 5 6 7 
2058	0 1 2 4 5 6 7 
2059	1 2 3 4 5 6 
2060	1 3 4 5 6 
2061	0 1 2 3 5 7 
2062	0 1 2 3 4 5 6 
2063	0 1 2 7 
2064	0 1 2 3 4 5 6 7 
2065	0 4 5 6 
2066	0 1 2 3 4 5 6 7 
2067	1 4 
2068	0 1 2 3 5 6 7 
2069	4 
2070	2 3 4 5 7 
2071	0 1 2 4 6 7 
2072	0 1 3 4 5 6 7 
2073	1 5 6 7 
2074	0 2 3 6 7 
2075	0 1 2 3 4 5 6 7 
2076	1 2 
2077	0 1 3 4 5 7 
2078	1 5 
2079	1 2 3 4 5 6 7 
2080	4 
2081	0 1 2 3 4 5 6 7 
2082	0 1 3 4 6 
2083	2 3 4 5 6 7 
2084	6 
2085	0 1 3 4 5 
2086	0 2 3 4 5 7 
2087	0 1 2 3 4 5 6 7 
2088	0 1 2 4 5 6 
2089	1 2 3 4 5 6 
2090	0 1 3 4 5 7 
2091	0 1 3 4 
2092	1 2 3 4 6 7 
2093	1 2 3 4 5 6 7 
2094	1 3 4 6 
2095	1 3 4 6 
2096	0 1 4 5 6 
2097	1 2 3 4 5 6 7 
2098	0 1 2 3 4 5 6 7 
2099	0 1 2 3 4 5 6 7 
2100	0 1 3 4 5 7 
2101	1 2 4 5 6 7 
2102	0 1 2 4 5 6 7 
2103	0 1 3 4 5 6 7 
2104	1 2 3 4 5 6 7 
2105	1 3 4 6 7 
2106	0 1 2 3 4 5 6 7 
2107	0 1 2 4 5 6 
2108	0 1 
2109	1 2 3 4 5 6 7 
2110	1 2 4 5 6 
2111	1 2 3 4 5 6 
2112	0 5 6 7 
2113	0 1 2 3 4 5 6 7 
2114	2 6 
2115	2 3 4 5 6 
2116	0 1 2 4 6 
2117	0 1 2 3 4 5 6 7 
2118	1 3 4 5 6 7 
2119	4 
2120	1 3 6 7 
2121	2 3 4 5 6 7 
2122	0 1 3 4 5 6 
2123	0 1 3 4 5 6 7 
2124	1 3 4 6 7 
2125	1 2 3 4 5 6 
2126	0 1 2 3 4 6 
2127	1 2 3 5 6 
2128	0 1 2 3 4 6 
2129	1 2 3 4 5 6 
2130	0 1 2 3 5 6 
2131	2 3 4 6 
2132	1 2 4 6 7 
2133	1 3 4 5 6 7 
2134	0 1 2 3 4 6 7 
2135	4 6 
2136	1 3 4 5 6 7 
2137	1 2 4 5 6 7 
2138	0 1 2 3 4 5 6 
2139	0 4 
2140	0 1 2 3 4 5 6 
2141	0 1 2 3 6 
2142	0 1 3 5 6 7 
2143	1 2 3 4 5 6 7 
2144	0 1 2 3 4 5 6 
2145	1 3 4 5 6 
2146	0 1 2 3 6 7 
2147	0 1 2 3 4 5 6 7 
2148	1 2 3 4 5 6 7 
2149	0 1 3 4 5 6 
2150	0 1 2 3 4 5 6 7 
2151	1 2 3 5 6 7 
2152	0 1 2 3 4 5 6 7 
2153	3 
2154	0 1 3 4 5 6 
2155	0 1 2 3 4 5 6 
2156	0 1 3 4 5 6 7 
2157	0 3 5 6 7 
2158	1 2 3 4 5 6 7 
2159	2 3 4 6 7 
2160	1 2 3 4 6 7 
2161	0 2 3 4 5 6 
2162	1 2 3 5 6 7 
2163	0 1 2 4 5 7 
2164	3 4 5 7 
2165	1 3 4 6 7 
2166	2 3 4 5 6 7 
2167	4 5 6 
2168	1 2 3 4 7 
2169	1 6 
2170	0 1 2 4 5 6 7 
2171	0 1 2 3 4 5 6 7 
2172	0 1 3 5 6 
2173	1 2 3 4 5 6 7 
2174	0 2 3 4 5 6 7 
2175	1 3 5 6 
2176	2 5 
2177	0 3 5 6 
2178	1 3 5 
2179	1 3 4 7 
2180	0 1 2 3 4 6 7 
2181	0 1 3 4 5 6 7 
2182	0 1 3 5 6 
2183	0 
2184	0 1 2 3 4 5 6 7 
2185	0 1 3 4 5 6 7 
2186	1 2 4 5 6 
2187	0 2 3 4 5 6 
2188	1 3 4 5 6 7 
2189	0 1 2 3 5 6 
2190	0 1 4 5 6 7 
2191	0 1 2 3 4 6 
2192	0 4 6 7 
2193	1 2 4 5 6 
2194	1 2 3 4 5 6 7 
2195	1 2 4 5 7 
2196	0 3 4 5 6 7 
2197	0 1 2 4 6 7 
2198	3 4 6 7 
2199	0 1 2 3 4 5 6 7 
2200	0 1 5 
2201	0 1 3 4 6 7 
2202	0 1 3 4 5 6 7 
2203	0 2 5 
2204	0 1 2 3 4 5 7 
2205	0 
2206	0 2 3 4 6 
2207	1 3 4 5 
2208	2 3 4 5 6 7 
2209	0 
2210	1 2 3 5 6 7 
2211	0 1 2 3 4 5 6 7 
2212	1 3 4 5 6 7 
2213	1 2 4 5 6 7 
2214	0 2 3 6 7 
2215	0 3 4 5 6 7 
2216	5 6 
2217	1 3 4 5 6 7 
2218	1 3 4 5 6 7 
2219	1 2 3 4 5 6 7 
2220	2 6 7 
2221	1 2 3 4 6 7 
2222	0 1 3 4 5 6 7 
2223	0 1 2 3 4 5 6 
2224	5 
2225	1 2 3 7 
2226	0 1 2 4 5 6 7 
2227	1 3 4 5 6 7 
2228	0 5 6 
2229	0 1 2 3 5 7 
2230	1 2 3 4 5 7 
2231	0 1 4 
2232	0 1 2 3 5 6 7 
2233	1 2 4 5 
2234	1 3 4 5 6 7 
2235	1 5 7 
2236	1 2 4 5 
2237	0 1 2 3 4 5 6 7 
2238	0 4 6 7 
2239	1 2 3 4 5 6 7 
2240	0 1 2 3 4 5 6 7 
2241	0 1 3 4 5 6 7 
2242	1 4 5 6 7 
2243	0 
2244	0 1 3 4 7 
2245	1 2 4 5 6 
2246	0 1 2 4 5 6 7 
2247	0 1 2 3 6 7 
2248	0 3 4 6 
2249	0 1 3 4 6 7 
2250	1 2 3 4 5 6 7 
2251	0 1 2 3 4 5 6 7 
2252	5 
2253	0 2 3 4 5 6 7 
2254	0 1 2 3 4 5 6 
2255	1 3 4 5 7 
2256	0 1 2 3 4 5 6 7 
2257	0 1 2 3 4 5 6 7 
2258	0 1 4 
2259	0 1 2 3 4 5 6 
2260	0 1 5 6 7 
2261	2 3 4 5 6 
2262	0 1 2 6 
2263	1 3 4 5 6 7 
2264	1 2 3 4 5 6 
2265	0 1 3 4 5 6 
2266	1 2 4 5 7 
2267	1 2 3 4 5 6 
2268	1 2 3 4 5 6 7 
2269	0 3 4 6 7 
2270	1 3 4 5 6 7 
2271	0 1 2 3 4 5 6 7 
2272	1 3 4 5 6 
2273	0 1 2 3 5 6 7 
2274	0 1 2 4 5 6 7 
2275	0 1 2 3 4 5 6 
2276	0 
2277	0 1 3 4 5 7 
2278	4 6 
2279	1 2 3 4 5 7 
2280	0 1 3 6 
2281	1 3 4 7 
2282	0 1 2 3 4 5 7 
2283	0 1 4 5 6 
2284	2 3 4 6 7 
2285	1 2 3 4 5 6 
2286	0 1 3 4 5 6 7 
2287	1 2 3 4 5 7 
2288	0 1 2 4 5 6 7 
2289	0 1 3 4 5 6 7 
2290	0 1 2 3 4 5 6 7 
2291	0 1 2 3 5 6 7 
2292	6 
2293	0 1 2 3 4 5 6 7 
2294	2 
2295	1 2 3 4 5 6 7 
2296	0 1 2 3 5 6 7 
2297	0 1 2 4 5 6 7 
2298	1 2 3 4 5 6 7 
2299	1 2 3 4 5 6 
2300	0 1 3 4 6 7 
2301	1 2 3 5 6 
2302	0 6 
2303	1 2 3 4 5 6 7 
2304	0 2 5 6 7 
2305	6 
2306	0 1 2 3 4 5 6 
2307	1 2 3 4 5 6 
2308	0 1 2 3 4 5 6 7 
2309	6 
2310	0 1 3 4 5 6 
2311	6 
2312	1 3 4 5 6 7 
2313	0 1 4 5 6 
2314	1 2 3 4 5 6 7 
2315	0 1 2 3 5 7 
2316	1 3 5 6 
2317	0 3 4 5 6 7 
2318	1 2 3 4 5 6 7 
2319	1 2 5 6 
2320	3 4 5 6 7 
2321	0 2 4 
2322	2 3 4 5 6 7 
2323	0 1 2 3 4 5 6 
2324	0 1 2 3 4 5 6 7 
2325	0 1 2 3 4 5 6 7 
2326	0 1 2 4 5 6 
2327	0 1 3 4 5 
2328	0 1 2 3 5 
2329	1 3 5 6 7 
2330	1 2 3 4 5 6 7 
2331	0 1 2 3 4 5 6 7 
2332	0 1 3 4 6 
2333	0 1 2 3 4 6 
2334	0 1 2 3 5 6 7 
2335	0 1 3 4 5 6 7 
2336	0 3 4 5 6 7 
2337	0 1 2 3 4 5 
2338	1 2 3 4 5 6 
2339	0 1 5 6 7 
2340	1 3 4 5 7 
2341	4 
2342	0 1 2 3 4 5 6 7 
2343	1 
2344	0 1 2 3 5 6 
2345	1 5 6 
2346	1 3 5 6 7 
2347	1 2 3 4 5 
2348	0 1 2 3 4 5 6 
2349	2 3 4 5 7 
2350	1 2 3 4 5 6 
2351	1 2 3 4 6 
2352	0 1 2 3 4 5 
2353	0 2 3 4 5 6 7 
2354	1 2 3 4 5 6 
2355	0 2 5 6 
2356	0 1 3 4 5 6 7 
2357	2 6 7 
2358	0 6 
2359	0 1 3 4 5 7 
2360	0 1 2 4 5 6 7 
2361	3 4 6 7 
2362	0 1 2 3 4 6 7 
2363	0 1 2 3 4 5 6 7 
2364	4 
2365	2 3 5 6 
2366	0 1 4 5 6 
2367	4 
