1	7
2	2
3	7
4	6
5	5
6	6
7	1
8	5
9	6
10	5
11	7
12	8
13	1
14	6
15	4
16	1
17	7
18	8
19	7
20	7
21	8
22	1
23	6
24	1
25	6
26	6
27	5
28	6
29	7
30	6
31	2
32	7
33	7
34	6
35	7
36	7
37	3
38	6
39	6
40	1
41	7
42	7
43	2
44	5
45	6
46	5
47	7
48	7
49	6
50	7
51	6
52	3
53	6
54	6
55	6
56	1
57	4
58	4
59	7
60	8
61	5
62	5
63	5
64	5
65	1
66	7
67	7
68	3
69	4
70	6
71	5
72	7
73	6
74	2
75	5
76	1
77	7
78	3
79	6
80	6
81	8
82	6
83	4
84	7
85	7
86	5
87	6
88	1
89	6
90	6
91	6
92	7
93	4
94	7
95	5
96	7
97	6
98	6
99	5
100	7
101	6
102	3
103	4
104	7
105	4
106	6
107	5
108	8
109	1
110	4
111	5
112	8
113	7
114	6
115	1
116	7
117	7
118	5
119	6
120	1
121	6
122	5
123	6
124	6
125	6
126	7
127	6
128	6
129	6
130	6
131	6
132	6
133	6
134	7
135	6
136	3
137	5
138	5
139	1
140	4
141	7
142	5
143	8
144	6
145	7
146	6
147	5
148	5
149	5
150	6
151	1
152	6
153	1
154	5
155	4
156	3
157	6
158	4
159	7
160	7
161	5
162	6
163	5
164	7
165	6
166	4
167	5
168	6
169	4
170	6
171	6
172	7
173	3
174	5
175	4
176	6
177	5
178	6
179	6
180	7
181	7
182	3
183	6
184	7
185	5
186	5
187	7
188	7
189	6
190	6
191	4
192	5
193	7
194	3
195	3
196	6
197	4
198	6
199	6
200	8
201	6
202	7
203	7
204	3
205	7
206	5
207	7
208	4
209	7
210	4
211	5
212	6
213	6
214	7
215	5
216	7
217	5
218	4
219	7
220	4
221	5
222	4
223	6
224	7
225	1
226	5
227	7
228	6
229	6
230	7
231	1
232	6
233	5
234	7
235	8
236	1
237	7
238	5
239	7
240	5
241	8
242	5
243	7
244	6
245	4
246	7
247	5
248	2
249	4
250	7
251	6
252	4
253	5
254	5
255	6
256	6
257	6
258	7
259	6
260	1
261	5
262	3
263	5
264	8
265	7
266	8
267	5
268	7
269	7
270	6
271	6
272	5
273	4
274	6
275	6
276	6
277	7
278	7
279	6
280	1
281	6
282	4
283	1
284	4
285	5
286	8
287	6
288	2
289	6
290	8
291	7
292	3
293	5
294	6
295	8
296	1
297	7
298	5
299	6
300	1
301	7
302	7
303	6
304	8
305	6
306	6
307	7
308	3
309	7
310	7
311	6
312	5
313	5
314	7
315	5
316	6
317	6
318	4
319	6
320	2
321	6
322	7
323	1
324	6
325	6
326	7
327	3
328	6
329	6
330	5
331	5
332	8
333	5
334	4
335	8
336	6
337	6
338	8
339	1
340	6
341	6
342	4
343	6
344	6
345	6
346	6
347	5
348	5
349	2
350	5
351	1
352	7
353	7
354	1
355	5
356	7
357	7
358	1
359	7
360	8
361	6
362	1
363	5
364	6
365	4
366	8
367	7
368	5
369	6
370	7
371	6
372	4
373	6
374	6
375	7
376	2
377	5
378	8
379	5
380	3
381	7
382	6
383	4
384	7
385	8
386	5
387	4
388	8
389	8
390	6
391	7
392	5
393	5
394	5
395	7
396	5
397	4
398	7
399	5
400	3
401	6
402	7
403	7
404	6
405	6
406	4
407	6
408	6
409	6
410	5
411	1
412	6
413	7
414	4
415	7
416	6
417	8
418	3
419	7
420	5
421	5
422	6
423	4
424	5
425	4
426	7
427	8
428	7
429	5
430	5
431	6
432	6
433	7
434	8
435	6
436	4
437	4
438	8
439	7
440	6
441	1
442	6
443	5
444	5
445	7
446	7
447	7
448	7
449	1
450	6
451	3
452	5
453	6
454	5
455	6
456	3
457	7
458	7
459	5
460	6
461	7
462	1
463	6
464	4
465	4
466	6
467	7
468	6
469	6
470	6
471	5
472	6
473	5
474	8
475	7
476	7
477	4
478	6
479	7
480	6
481	5
482	6
483	4
484	6
485	5
486	5
487	6
488	5
489	7
490	7
491	6
492	4
493	8
494	5
495	6
496	4
497	6
498	6
499	2
500	7
501	3
502	5
503	7
504	7
505	6
506	7
507	7
508	3
509	5
510	3
511	5
512	1
513	6
514	7
515	8
516	2
517	7
518	7
519	6
520	8
521	6
522	4
523	6
524	5
525	3
526	1
527	5
528	8
529	6
530	7
531	7
532	7
533	6
534	6
535	5
536	4
537	6
538	7
539	5
540	4
541	6
542	4
543	3
544	5
545	4
546	7
547	5
548	6
549	2
550	6
551	7
552	5
553	7
554	1
555	4
556	4
557	5
558	1
559	5
560	7
561	6
562	6
563	6
564	5
565	8
566	6
567	7
568	5
569	6
570	4
571	5
572	6
573	6
574	7
575	6
576	8
577	5
578	6
579	4
580	5
581	6
582	4
583	6
584	1
585	4
586	7
587	6
588	6
589	7
590	6
591	6
592	3
593	1
594	6
595	6
596	1
597	6
598	6
599	6
600	7
601	7
602	4
603	5
604	4
605	6
606	7
607	7
608	5
609	1
610	6
611	7
612	5
613	7
614	6
615	1
616	8
617	6
618	2
619	8
620	1
621	7
622	4
623	7
624	4
625	2
626	6
627	4
628	5
629	8
630	5
631	7
632	7
633	7
634	6
635	5
636	3
637	1
638	7
639	6
640	2
641	6
642	7
643	1
644	7
645	5
646	1
647	5
648	5
649	7
650	7
651	6
652	1
653	7
654	8
655	4
656	5
657	4
658	4
659	6
660	1
661	4
662	2
663	4
664	6
665	5
666	5
667	6
668	6
669	1
670	6
671	2
672	6
673	8
674	6
675	7
676	5
677	6
678	4
679	6
680	6
681	5
682	6
683	5
684	5
685	8
686	6
687	1
688	6
689	7
690	6
691	5
692	4
693	6
694	5
695	7
696	6
697	5
698	7
699	5
700	4
701	2
702	7
703	8
704	3
705	6
706	7
707	6
708	2
709	6
710	8
711	4
712	4
713	6
714	2
715	7
716	1
717	6
718	7
719	1
720	6
721	5
722	5
723	6
724	1
725	5
726	5
727	6
728	5
729	6
730	2
731	4
732	6
733	6
734	8
735	3
736	5
737	6
738	3
739	7
740	5
741	4
742	4
743	4
744	5
745	7
746	2
747	6
748	3
749	6
750	2
751	5
752	7
753	6
754	6
755	6
756	7
757	5
758	7
759	5
760	7
761	2
762	8
763	7
764	5
765	3
766	7
767	4
768	7
769	5
770	7
771	8
772	1
773	6
774	8
775	1
776	6
777	2
778	4
779	1
780	6
781	8
782	3
783	7
784	5
785	6
786	8
787	6
788	5
789	6
790	7
791	3
792	5
793	7
794	6
795	6
796	6
797	3
798	8
799	4
800	6
801	6
802	5
803	6
804	4
805	8
806	5
807	6
808	8
809	5
810	8
811	7
812	6
813	7
814	6
815	8
816	6
817	6
818	8
819	6
820	4
821	6
822	7
823	4
824	1
825	5
826	5
827	7
828	1
829	6
830	3
831	7
832	6
833	6
834	6
835	1
836	5
837	6
838	6
839	8
840	6
841	8
842	5
843	5
844	6
845	5
846	8
847	5
848	4
849	4
850	6
851	5
852	5
853	7
854	5
855	7
856	7
857	4
858	7
859	5
860	7
861	5
862	4
863	6
864	2
865	6
866	5
867	2
868	6
869	7
870	7
871	5
872	6
873	8
874	7
875	1
876	6
877	8
878	6
879	7
880	8
881	4
882	6
883	2
884	7
885	3
886	5
887	3
888	7
889	5
890	6
891	8
892	3
893	3
894	4
895	7
896	7
897	6
898	8
899	7
900	6
901	5
902	5
903	7
904	6
905	5
906	6
907	1
908	4
909	6
910	8
911	4
912	7
913	4
914	4
915	5
916	5
917	5
918	8
919	1
920	7
921	2
922	6
923	7
924	5
925	4
926	7
927	6
928	7
929	7
930	2
931	6
932	7
933	5
934	5
935	7
936	8
937	6
938	6
939	6
940	3
941	6
942	7
943	5
944	4
945	5
946	3
947	6
948	3
949	7
950	6
951	4
952	6
953	4
954	5
955	5
956	6
957	7
958	5
959	6
960	3
961	6
962	7
963	5
964	7
965	1
966	6
967	4
968	5
969	6
970	2
971	5
972	6
973	7
974	6
975	6
976	8
977	5
978	5
979	5
980	3
981	6
982	7
983	4
984	1
985	6
986	2
987	1
988	7
989	8
990	6
991	6
992	6
993	3
994	2
995	7
996	4
997	7
998	5
999	7
1000	4
1001	8
1002	6
1003	6
1004	2
1005	7
1006	7
1007	2
1008	5
1009	5
1010	5
1011	7
1012	8
1013	7
1014	6
1015	7
1016	5
1017	7
1018	5
1019	7
1020	6
1021	5
1022	6
1023	6
1024	7
1025	7
1026	4
1027	4
1028	4
1029	6
1030	4
1031	6
1032	5
1033	6
1034	7
1035	7
1036	6
1037	7
1038	2
1039	6
1040	8
1041	4
1042	5
1043	6
1044	6
1045	7
1046	3
1047	7
1048	4
1049	6
1050	8
1051	2
1052	6
1053	5
1054	1
1055	6
1056	6
1057	7
1058	1
1059	8
1060	3
1061	7
1062	6
1063	8
1064	4
1065	6
1066	3
1067	7
1068	6
1069	4
1070	7
1071	7
1072	7
1073	4
1074	6
1075	5
1076	7
1077	5
1078	6
1079	7
1080	7
1081	7
1082	7
1083	5
1084	4
1085	5
1086	8
1087	4
1088	6
1089	6
1090	6
1091	5
1092	5
1093	7
1094	5
1095	4
1096	6
1097	6
1098	4
1099	3
1100	5
1101	7
1102	8
1103	5
1104	7
1105	6
1106	7
1107	7
1108	6
1109	5
1110	7
1111	4
1112	7
1113	5
1114	6
1115	1
1116	5
1117	6
1118	8
1119	6
1120	7
1121	6
1122	7
1123	5
1124	4
1125	5
1126	6
1127	6
1128	1
1129	6
1130	6
1131	3
1132	5
1133	5
1134	5
1135	7
1136	3
1137	7
1138	5
1139	4
1140	5
1141	4
1142	3
1143	5
1144	6
1145	8
1146	5
1147	7
1148	5
1149	5
1150	4
1151	4
1152	6
1153	6
1154	6
1155	8
1156	5
1157	6
1158	4
1159	6
1160	1
1161	6
1162	7
1163	6
1164	5
1165	5
1166	2
1167	7
1168	4
1169	7
1170	8
1171	3
1172	6
1173	7
1174	7
1175	5
1176	8
1177	2
1178	7
1179	7
1180	7
1181	7
1182	6
1183	7
1184	1
1185	4
1186	6
1187	4
1188	6
1189	5
1190	6
1191	3
1192	5
1193	3
1194	3
1195	8
1196	7
1197	8
1198	7
1199	6
1200	6
1201	5
1202	1
1203	6
1204	1
1205	7
1206	7
1207	4
1208	7
1209	1
1210	6
1211	7
1212	7
1213	6
1214	6
1215	7
1216	1
1217	5
1218	6
1219	7
1220	5
1221	8
1222	5
1223	2
1224	7
1225	4
1226	8
1227	3
1228	6
1229	7
1230	8
1231	6
1232	4
1233	7
1234	8
1235	6
1236	5
1237	8
1238	7
1239	6
1240	2
1241	6
1242	3
1243	3
1244	6
1245	5
1246	8
1247	8
1248	6
1249	2
1250	5
1251	5
1252	6
1253	6
1254	8
1255	5
1256	6
1257	3
1258	7
1259	6
1260	4
1261	6
1262	3
1263	6
1264	7
1265	2
1266	4
1267	5
1268	4
1269	7
1270	6
1271	4
1272	7
1273	5
1274	7
1275	1
1276	6
1277	5
1278	4
1279	4
1280	6
1281	6
1282	1
1283	5
1284	7
1285	1
1286	7
1287	6
1288	2
1289	8
1290	7
1291	4
1292	6
1293	1
1294	6
1295	4
1296	5
1297	5
1298	4
1299	7
1300	8
1301	3
1302	7
1303	7
1304	7
1305	7
1306	7
1307	7
1308	5
1309	6
1310	5
1311	2
1312	5
1313	7
1314	1
1315	3
1316	7
1317	1
1318	8
1319	7
1320	6
1321	6
1322	7
1323	3
1324	6
1325	4
1326	7
1327	1
1328	5
1329	6
1330	7
1331	8
1332	6
1333	5
1334	7
1335	7
1336	5
1337	6
1338	7
1339	2
1340	6
1341	6
1342	5
1343	7
1344	6
1345	7
1346	7
1347	7
1348	6
1349	8
1350	6
1351	7
1352	7
1353	2
1354	7
1355	1
1356	8
1357	7
1358	4
1359	5
1360	6
1361	1
1362	6
1363	4
1364	7
1365	6
1366	5
1367	7
1368	2
1369	7
1370	5
1371	5
1372	6
1373	7
1374	5
1375	7
1376	6
1377	5
1378	3
1379	6
1380	1
1381	4
1382	3
1383	5
1384	6
1385	6
1386	6
1387	1
1388	4
1389	7
1390	6
1391	8
1392	6
1393	6
1394	1
1395	2
1396	4
1397	6
1398	7
1399	3
1400	4
1401	6
1402	7
1403	5
1404	2
1405	5
1406	4
1407	6
1408	5
1409	7
1410	7
1411	2
1412	8
1413	1
1414	5
1415	5
1416	2
1417	6
1418	8
1419	5
1420	6
1421	6
1422	6
1423	4
1424	7
1425	7
1426	8
1427	7
1428	4
1429	4
1430	3
1431	6
1432	6
1433	5
1434	6
1435	5
1436	6
1437	8
1438	1
1439	6
1440	6
1441	5
1442	5
1443	6
1444	4
1445	7
1446	5
1447	5
1448	5
1449	6
1450	6
1451	7
1452	4
1453	5
1454	4
1455	7
1456	5
1457	6
1458	5
1459	7
1460	6
1461	5
1462	5
1463	6
1464	6
1465	6
1466	6
1467	4
1468	8
1469	7
1470	6
1471	8
1472	8
1473	1
1474	6
1475	4
1476	5
1477	5
1478	5
1479	3
1480	7
1481	3
1482	8
1483	7
1484	6
1485	7
1486	8
1487	8
1488	6
1489	6
1490	4
1491	6
1492	6
1493	4
1494	5
1495	7
1496	5
1497	5
1498	4
1499	5
1500	1
1501	6
1502	6
1503	5
1504	7
1505	5
1506	3
1507	7
1508	6
1509	1
1510	6
1511	7
1512	6
1513	7
1514	2
1515	5
1516	6
1517	7
1518	6
1519	3
1520	2
1521	6
1522	7
1523	7
1524	1
1525	6
1526	2
1527	7
1528	2
1529	4
1530	7
1531	7
1532	3
1533	5
1534	8
1535	2
1536	6
1537	3
1538	6
1539	5
1540	6
1541	5
1542	5
1543	4
1544	5
1545	7
1546	3
1547	7
1548	6
1549	6
1550	3
1551	4
1552	5
1553	5
1554	5
1555	3
1556	4
1557	8
1558	1
1559	7
1560	5
1561	8
1562	3
1563	5
1564	4
1565	4
1566	7
1567	7
1568	7
1569	7
1570	5
1571	4
1572	5
1573	8
1574	6
1575	6
1576	8
1577	5
1578	7
1579	7
1580	6
1581	7
1582	7
1583	6
1584	6
1585	7
1586	6
1587	4
1588	7
1589	6
1590	1
1591	7
1592	6
1593	1
1594	6
1595	7
1596	1
1597	6
1598	8
1599	5
1600	2
1601	4
1602	5
1603	1
1604	6
1605	6
1606	6
1607	8
1608	2
1609	1
1610	8
1611	7
1612	7
1613	3
1614	6
1615	1
1616	6
1617	7
1618	6
1619	7
1620	7
1621	7
1622	4
1623	7
1624	5
1625	6
1626	5
1627	7
1628	1
1629	4
1630	7
1631	2
1632	4
1633	6
1634	7
1635	1
1636	5
1637	6
1638	3
1639	7
1640	6
1641	2
1642	4
1643	7
1644	1
1645	5
1646	4
1647	5
1648	8
1649	6
1650	3
1651	5
1652	6
1653	5
1654	5
1655	7
1656	5
1657	6
1658	6
1659	6
1660	6
1661	1
1662	7
1663	2
1664	7
1665	6
1666	7
1667	7
1668	1
1669	6
1670	8
1671	8
1672	4
1673	2
1674	7
1675	5
1676	2
1677	6
1678	7
1679	5
1680	3
1681	7
1682	7
1683	7
1684	7
1685	7
1686	7
1687	5
1688	7
1689	6
1690	5
1691	7
1692	8
1693	6
1694	6
1695	6
1696	6
1697	7
1698	4
1699	8
1700	6
1701	7
1702	6
1703	5
1704	5
1705	7
1706	5
1707	6
1708	7
1709	4
1710	7
1711	6
1712	4
1713	3
1714	1
1715	4
1716	6
1717	4
1718	7
1719	2
1720	6
1721	5
1722	7
1723	8
1724	7
1725	7
1726	7
1727	7
1728	2
1729	6
1730	8
1731	6
1732	6
1733	5
1734	6
1735	7
1736	3
1737	6
1738	7
1739	6
1740	3
1741	3
1742	6
1743	6
1744	1
1745	8
1746	8
1747	7
1748	5
1749	4
1750	6
1751	6
1752	7
1753	4
1754	7
1755	6
1756	5
1757	4
1758	7
1759	3
1760	7
1761	6
1762	1
1763	5
1764	5
1765	1
1766	5
1767	2
1768	2
1769	4
1770	8
1771	5
1772	6
1773	4
1774	5
1775	7
1776	5
1777	3
1778	6
1779	7
1780	1
1781	4
1782	7
1783	7
1784	4
1785	7
1786	1
1787	5
1788	5
1789	6
1790	4
1791	8
1792	3
1793	4
1794	7
1795	6
1796	5
1797	2
1798	8
1799	6
1800	7
1801	4
1802	6
1803	7
1804	5
1805	4
1806	7
1807	4
1808	5
1809	4
1810	6
1811	6
1812	2
1813	6
1814	8
1815	5
1816	6
1817	8
1818	5
1819	6
1820	5
1821	6
1822	1
1823	7
1824	5
1825	2
1826	6
1827	3
1828	7
1829	6
1830	7
1831	4
1832	5
1833	4
1834	7
1835	5
1836	8
1837	7
1838	5
1839	6
1840	3
1841	6
1842	7
1843	6
1844	3
1845	1
1846	7
1847	4
1848	5
1849	4
1850	4
1851	6
1852	7
1853	2
1854	7
1855	1
1856	6
1857	6
1858	7
1859	6
1860	7
1861	3
1862	8
1863	7
1864	1
1865	6
1866	8
1867	6
1868	6
1869	7
1870	7
1871	5
1872	3
1873	1
1874	3
1875	6
1876	8
1877	7
1878	7
1879	6
1880	5
1881	5
1882	5
1883	4
1884	5
1885	7
1886	1
1887	7
1888	8
1889	1
1890	7
1891	6
1892	6
1893	3
1894	3
1895	4
1896	4
1897	4
1898	8
1899	7
1900	5
1901	5
1902	4
1903	5
1904	8
1905	8
1906	6
1907	7
1908	6
1909	5
1910	5
1911	6
1912	5
1913	1
1914	5
1915	5
1916	7
1917	5
1918	8
1919	2
1920	6
1921	3
1922	7
1923	2
1924	6
1925	3
1926	6
1927	5
1928	5
1929	5
1930	4
1931	6
1932	3
1933	5
1934	1
1935	7
1936	6
1937	5
1938	5
1939	7
1940	6
1941	2
1942	7
1943	4
1944	7
1945	6
1946	2
1947	7
1948	8
1949	4
1950	6
1951	7
1952	2
1953	7
1954	4
1955	5
1956	3
1957	6
1958	2
1959	7
1960	7
1961	6
1962	8
1963	5
1964	6
1965	5
1966	3
1967	5
1968	6
1969	8
1970	8
1971	5
1972	6
1973	5
1974	6
1975	6
1976	6
1977	4
1978	7
1979	6
1980	4
1981	5
1982	8
1983	1
1984	3
1985	5
1986	6
1987	6
1988	5
1989	4
1990	8
1991	8
1992	8
1993	5
1994	4
1995	6
1996	2
1997	7
1998	5
1999	6
2000	5
2001	6
2002	6
2003	8
2004	3
2005	6
2006	6
2007	5
2008	6
2009	4
2010	6
2011	6
2012	6
2013	6
2014	6
2015	6
2016	5
2017	1
2018	6
2019	7
2020	6
2021	7
2022	4
2023	6
2024	6
2025	3
2026	7
2027	6
2028	5
2029	7
2030	6
2031	7
2032	3
2033	5
2034	7
2035	2
2036	6
2037	7
2038	7
2039	7
2040	5
2041	6
2042	7
2043	5
2044	7
2045	7
2046	4
2047	6
2048	7
2049	5
2050	8
2051	1
2052	5
2053	1
2054	6
2055	4
2056	6
2057	6
2058	7
2059	6
2060	5
2061	6
2062	7
2063	4
2064	8
2065	4
2066	8
2067	2
2068	7
2069	1
2070	5
2071	6
2072	7
2073	4
2074	5
2075	8
2076	2
2077	6
2078	2
2079	7
2080	1
2081	8
2082	5
2083	6
2084	1
2085	5
2086	6
2087	8
2088	6
2089	6
2090	6
2091	4
2092	6
2093	7
2094	4
2095	4
2096	5
2097	7
2098	8
2099	8
2100	6
2101	6
2102	7
2103	7
2104	7
2105	5
2106	8
2107	6
2108	2
2109	7
2110	5
2111	6
2112	4
2113	8
2114	2
2115	5
2116	5
2117	8
2118	6
2119	1
2120	4
2121	6
2122	6
2123	7
2124	5
2125	6
2126	6
2127	5
2128	6
2129	6
2130	6
2131	4
2132	5
2133	6
2134	7
2135	2
2136	6
2137	6
2138	7
2139	2
2140	7
2141	5
2142	6
2143	7
2144	7
2145	5
2146	6
2147	8
2148	7
2149	6
2150	8
2151	6
2152	8
2153	1
2154	6
2155	7
2156	7
2157	5
2158	7
2159	5
2160	6
2161	6
2162	6
2163	6
2164	4
2165	5
2166	6
2167	3
2168	5
2169	2
2170	7
2171	8
2172	5
2173	7
2174	7
2175	4
2176	2
2177	4
2178	3
2179	4
2180	7
2181	7
2182	5
2183	1
2184	8
2185	7
2186	5
2187	6
2188	6
2189	6
2190	6
2191	6
2192	4
2193	5
2194	7
2195	5
2196	6
2197	6
2198	4
2199	8
2200	3
2201	6
2202	7
2203	3
2204	7
2205	1
2206	5
2207	4
2208	6
2209	1
2210	6
2211	8
2212	6
2213	6
2214	5
2215	6
2216	2
2217	6
2218	6
2219	7
2220	3
2221	6
2222	7
2223	7
2224	1
2225	4
2226	7
2227	6
2228	3
2229	6
2230	6
2231	3
2232	7
2233	4
2234	6
2235	3
2236	4
2237	8
2238	4
2239	7
2240	8
2241	7
2242	5
2243	1
2244	5
2245	5
2246	7
2247	6
2248	4
2249	6
2250	7
2251	8
2252	1
2253	7
2254	7
2255	5
2256	8
2257	8
2258	3
2259	7
2260	5
2261	5
2262	4
2263	6
2264	6
2265	6
2266	5
2267	6
2268	7
2269	5
2270	6
2271	8
2272	5
2273	7
2274	7
2275	7
2276	1
2277	6
2278	2
2279	6
2280	4
2281	4
2282	7
2283	5
2284	5
2285	6
2286	7
2287	6
2288	7
2289	7
2290	8
2291	7
2292	1
2293	8
2294	1
2295	7
2296	7
2297	7
2298	7
2299	6
2300	6
2301	5
2302	2
2303	7
2304	5
2305	1
2306	7
2307	6
2308	8
2309	1
2310	6
2311	1
2312	6
2313	5
2314	7
2315	6
2316	4
2317	6
2318	7
2319	4
2320	5
2321	3
2322	6
2323	7
2324	8
2325	8
2326	6
2327	5
2328	5
2329	5
2330	7
2331	8
2332	5
2333	6
2334	7
2335	7
2336	6
2337	6
2338	6
2339	5
2340	5
2341	1
2342	8
2343	1
2344	6
2345	3
2346	5
2347	5
2348	7
2349	5
2350	6
2351	5
2352	6
2353	7
2354	6
2355	4
2356	7
2357	3
2358	2
2359	6
2360	7
2361	4
2362	7
2363	8
2364	1
2365	4
2366	5
2367	1
