1	7
2	2
3	6
4	6
5	5
6	6
7	1
8	5
9	6
10	5
11	6
12	8
13	1
14	6
15	4
16	1
17	7
18	8
19	7
20	7
21	8
22	1
23	6
24	1
25	6
26	6
27	5
28	6
29	7
30	6
31	2
32	7
33	7
34	3
35	7
36	7
37	3
38	6
39	6
40	1
41	7
42	7
43	2
44	5
45	6
46	5
47	7
48	7
49	6
50	7
51	6
52	3
53	6
54	6
55	6
56	1
57	4
58	4
59	7
60	8
61	5
62	5
63	5
64	5
65	1
66	7
67	7
68	3
69	4
70	6
71	5
72	7
73	6
74	2
75	5
76	1
77	7
78	3
79	6
80	6
81	8
82	6
83	4
84	7
85	7
86	5
87	6
88	1
89	6
90	6
91	6
92	7
93	4
94	7
95	5
96	7
97	6
98	5
99	5
100	7
101	5
102	3
103	4
104	7
105	4
106	6
107	5
108	8
109	1
110	4
111	5
112	8
113	7
114	6
115	1
116	7
117	7
118	5
119	6
120	1
121	5
122	5
123	6
124	6
125	6
126	6
127	6
128	6
129	6
130	6
131	6
132	6
133	6
134	7
135	6
136	3
137	5
138	5
139	1
140	4
141	7
142	5
143	8
144	6
145	7
146	5
147	5
148	5
149	5
150	6
151	1
152	6
153	1
154	5
155	4
156	3
157	6
158	4
159	7
160	7
161	5
162	6
163	5
164	7
165	6
166	4
167	5
168	6
169	4
170	6
171	6
172	7
173	3
174	5
175	4
176	6
177	5
178	6
179	6
180	7
181	7
182	3
183	6
184	7
185	5
186	5
187	7
188	7
189	6
190	6
191	4
192	5
193	7
194	3
195	3
196	6
197	3
198	6
199	6
200	8
201	6
202	7
203	7
204	3
205	6
206	5
207	7
208	4
209	7
210	4
211	5
212	6
213	6
214	7
215	5
216	7
217	5
218	3
219	7
220	4
221	5
222	4
223	6
224	7
225	1
226	5
227	7
228	6
229	6
230	7
231	1
232	6
233	5
234	7
235	8
236	1
237	7
238	5
239	7
240	5
241	8
242	5
243	7
244	6
245	4
246	7
247	5
248	2
249	4
250	7
251	6
252	4
253	5
254	5
255	6
256	6
257	6
258	7
259	6
260	1
261	5
262	3
263	5
264	8
265	7
266	8
267	5
268	7
269	7
270	6
271	6
272	5
273	3
274	6
275	6
276	6
277	7
278	7
279	6
280	1
281	5
282	4
283	1
284	5
285	5
286	7
287	6
288	2
289	6
290	8
291	7
292	3
293	5
294	6
295	7
296	1
297	7
298	5
299	6
300	1
301	7
302	7
303	6
304	8
305	5
306	6
307	5
308	4
309	8
310	7
311	6
312	5
313	5
314	7
315	5
316	6
317	6
318	4
319	6
320	2
321	6
322	7
323	1
324	6
325	6
326	7
327	3
328	6
329	6
330	5
331	5
332	8
333	5
334	4
335	8
336	5
337	6
338	8
339	1
340	6
341	6
342	4
343	6
344	7
345	6
346	7
347	5
348	5
349	2
350	5
351	1
352	7
353	7
354	1
355	5
356	7
357	7
358	1
359	7
360	8
361	6
362	1
363	6
364	6
365	5
366	8
367	5
368	5
369	6
370	6
371	6
372	4
373	5
374	4
375	7
376	2
377	5
378	8
379	5
380	3
381	7
382	6
383	4
384	7
385	8
386	5
387	4
388	8
389	8
390	6
391	7
392	5
393	5
394	5
395	7
396	5
397	4
398	7
399	5
400	3
401	6
402	7
403	7
404	6
405	6
406	3
407	6
408	6
409	5
410	5
411	1
412	6
413	6
414	5
415	7
416	6
417	8
418	3
419	7
420	5
421	5
422	6
423	3
424	5
425	4
426	7
427	8
428	6
429	5
430	5
431	6
432	6
433	7
434	8
435	6
436	4
437	4
438	8
439	7
440	6
441	1
442	6
443	5
444	5
445	7
446	7
447	6
448	7
449	1
450	6
451	3
452	5
453	6
454	5
455	6
456	3
457	7
458	7
459	5
460	6
461	7
462	1
463	6
464	2
465	4
466	6
467	7
468	6
469	6
470	6
471	5
472	6
473	5
474	8
475	7
476	7
477	4
478	6
479	7
480	6
481	5
482	6
483	4
484	6
485	5
486	5
487	6
488	5
489	7
490	7
491	6
492	4
493	8
494	4
495	5
496	5
497	6
498	6
499	2
500	7
501	3
502	5
503	7
504	7
505	5
506	7
507	7
508	3
509	5
510	3
511	5
512	1
513	6
514	7
515	8
516	2
517	7
518	7
519	6
520	8
521	6
522	4
523	6
524	5
525	3
526	1
527	5
528	8
529	6
530	7
531	5
532	6
533	7
534	6
535	5
536	4
537	6
538	7
539	5
540	4
541	6
542	4
543	3
544	5
545	4
546	6
547	5
548	6
549	2
550	6
551	7
552	5
553	7
554	1
555	4
556	4
557	5
558	1
559	5
560	7
561	6
562	6
563	6
564	5
565	8
566	6
567	7
568	5
569	6
570	4
571	5
572	6
573	6
574	7
575	6
576	8
577	5
578	6
579	4
580	5
581	6
582	4
583	6
584	1
585	4
586	7
587	6
588	6
589	7
590	6
591	6
592	3
593	1
594	6
595	6
596	1
597	6
598	6
599	6
600	7
601	7
602	4
603	5
604	4
605	6
606	7
607	6
608	1
609	5
610	1
611	6
612	6
613	5
614	7
615	6
616	1
617	8
618	6
619	2
620	8
621	1
622	7
623	4
624	7
625	4
626	2
627	6
628	4
629	5
630	8
631	5
632	6
633	7
634	7
635	5
636	5
637	3
638	1
639	7
640	6
641	2
642	6
643	7
644	1
645	7
646	5
647	1
648	5
649	5
650	7
651	7
652	6
653	1
654	7
655	7
656	5
657	5
658	4
659	4
660	6
661	1
662	4
663	2
664	4
665	6
666	5
667	5
668	6
669	6
670	1
671	6
672	2
673	6
674	8
675	6
676	7
677	5
678	6
679	4
680	6
681	6
682	5
683	6
684	5
685	5
686	8
687	6
688	1
689	6
690	7
691	5
692	5
693	4
694	6
695	5
696	7
697	6
698	5
699	7
700	5
701	4
702	2
703	6
704	5
705	4
706	6
707	7
708	6
709	2
710	6
711	8
712	4
713	4
714	6
715	2
716	7
717	1
718	6
719	7
720	1
721	6
722	5
723	5
724	6
725	1
726	5
727	5
728	6
729	5
730	6
731	2
732	4
733	6
734	6
735	8
736	3
737	5
738	6
739	3
740	7
741	5
742	4
743	4
744	4
745	4
746	6
747	2
748	6
749	3
750	6
751	2
752	5
753	7
754	6
755	5
756	6
757	7
758	5
759	7
760	5
761	7
762	2
763	8
764	7
765	5
766	3
767	6
768	4
769	7
770	5
771	7
772	8
773	1
774	6
775	8
776	1
777	6
778	2
779	4
780	1
781	6
782	8
783	3
784	7
785	5
786	7
787	7
788	6
789	5
790	6
791	7
792	3
793	5
794	7
795	6
796	6
797	6
798	3
799	8
800	4
801	6
802	6
803	5
804	6
805	4
806	7
807	6
808	6
809	8
810	5
811	8
812	7
813	6
814	7
815	5
816	8
817	5
818	6
819	8
820	6
821	4
822	6
823	7
824	4
825	1
826	5
827	5
828	7
829	1
830	6
831	3
832	7
833	6
834	6
835	6
836	1
837	5
838	6
839	6
840	8
841	6
842	8
843	5
844	5
845	6
846	5
847	8
848	5
849	4
850	4
851	6
852	5
853	5
854	7
855	5
856	7
857	7
858	4
859	7
860	5
861	7
862	5
863	4
864	6
865	2
866	6
867	5
868	2
869	6
870	7
871	7
872	5
873	6
874	8
875	7
876	1
877	6
878	7
879	6
880	6
881	8
882	4
883	6
884	2
885	7
886	3
887	5
888	3
889	7
890	5
891	6
892	8
893	3
894	3
895	4
896	6
897	6
898	5
899	7
900	8
901	6
902	5
903	5
904	7
905	6
906	4
907	6
908	1
909	3
910	6
911	8
912	4
913	7
914	4
915	5
916	4
917	5
918	6
919	6
920	1
921	7
922	2
923	5
924	7
925	5
926	4
927	7
928	6
929	7
930	7
931	2
932	6
933	7
934	5
935	5
936	7
937	8
938	6
939	6
940	6
941	3
942	6
943	7
944	5
945	6
946	6
947	6
948	3
949	7
950	6
951	4
952	6
953	4
954	5
955	5
956	6
957	7
958	5
959	6
960	3
961	6
962	7
963	5
964	7
965	1
966	6
967	4
968	5
969	6
970	2
971	5
972	6
973	7
974	6
975	6
976	8
977	5
978	5
979	5
980	3
981	6
982	7
983	4
984	1
985	6
986	2
987	1
988	7
989	8
990	6
991	6
992	6
993	3
994	2
995	7
996	4
997	7
998	5
999	7
1000	4
1001	8
1002	6
1003	6
1004	2
1005	7
1006	7
1007	2
1008	5
1009	4
1010	5
1011	7
1012	8
1013	7
1014	7
1015	7
1016	5
1017	7
1018	5
1019	7
1020	6
1021	5
1022	6
1023	6
1024	7
1025	7
1026	4
1027	4
1028	4
1029	6
1030	4
1031	6
1032	5
1033	6
1034	7
1035	7
1036	6
1037	7
1038	2
1039	6
1040	8
1041	4
1042	4
1043	6
1044	6
1045	7
1046	3
1047	7
1048	4
1049	6
1050	8
1051	2
1052	6
1053	5
1054	1
1055	6
1056	6
1057	7
1058	1
1059	8
1060	3
1061	7
1062	6
1063	8
1064	4
1065	6
1066	3
1067	7
1068	6
1069	4
1070	7
1071	7
1072	7
1073	4
1074	6
1075	4
1076	7
1077	5
1078	6
1079	7
1080	7
1081	7
1082	7
1083	5
1084	4
1085	5
1086	7
1087	8
1088	3
1089	6
1090	6
1091	6
1092	5
1093	7
1094	5
1095	4
1096	6
1097	6
1098	4
1099	3
1100	5
1101	7
1102	8
1103	5
1104	5
1105	5
1106	7
1107	6
1108	8
1109	5
1110	7
1111	4
1112	7
1113	5
1114	6
1115	1
1116	5
1117	6
1118	8
1119	6
1120	7
1121	6
1122	7
1123	5
1124	4
1125	5
1126	6
1127	6
1128	1
1129	6
1130	6
1131	3
1132	5
1133	5
1134	5
1135	7
1136	3
1137	7
1138	4
1139	4
1140	5
1141	4
1142	3
1143	5
1144	6
1145	8
1146	5
1147	6
1148	5
1149	6
1150	4
1151	3
1152	6
1153	6
1154	6
1155	8
1156	5
1157	6
1158	4
1159	6
1160	1
1161	5
1162	5
1163	6
1164	5
1165	5
1166	2
1167	7
1168	4
1169	7
1170	8
1171	3
1172	6
1173	7
1174	7
1175	5
1176	8
1177	2
1178	7
1179	7
1180	7
1181	7
1182	6
1183	7
1184	1
1185	4
1186	6
1187	4
1188	6
1189	5
1190	6
1191	3
1192	5
1193	3
1194	3
1195	8
1196	7
1197	8
1198	7
1199	6
1200	6
1201	5
1202	1
1203	6
1204	1
1205	7
1206	7
1207	4
1208	7
1209	1
1210	5
1211	7
1212	7
1213	6
1214	7
1215	7
1216	1
1217	5
1218	6
1219	7
1220	4
1221	8
1222	5
1223	2
1224	7
1225	4
1226	8
1227	3
1228	5
1229	7
1230	7
1231	5
1232	4
1233	7
1234	8
1235	6
1236	5
1237	7
1238	7
1239	6
1240	2
1241	6
1242	3
1243	3
1244	6
1245	5
1246	8
1247	8
1248	6
1249	2
1250	5
1251	5
1252	6
1253	6
1254	8
1255	5
1256	6
1257	3
1258	7
1259	6
1260	4
1261	6
1262	3
1263	6
1264	7
1265	2
1266	4
1267	5
1268	4
1269	7
1270	6
1271	5
1272	7
1273	5
1274	7
1275	1
1276	6
1277	5
1278	4
1279	4
1280	6
1281	6
1282	1
1283	5
1284	7
1285	1
1286	7
1287	6
1288	2
1289	8
1290	7
1291	4
1292	6
1293	1
1294	6
1295	4
1296	5
1297	4
1298	4
1299	7
1300	8
1301	3
1302	6
1303	7
1304	7
1305	7
1306	7
1307	7
1308	5
1309	6
1310	5
1311	2
1312	5
1313	7
1314	1
1315	3
1316	7
1317	1
1318	8
1319	7
1320	6
1321	6
1322	7
1323	3
1324	5
1325	4
1326	7
1327	1
1328	5
1329	6
1330	7
1331	8
1332	6
1333	5
1334	7
1335	7
1336	5
1337	6
1338	7
1339	2
1340	6
1341	6
1342	5
1343	7
1344	6
1345	7
1346	7
1347	7
1348	6
1349	8
1350	6
1351	7
1352	7
1353	2
1354	7
1355	1
1356	8
1357	7
1358	4
1359	6
1360	5
1361	6
1362	4
1363	7
1364	6
1365	5
1366	7
1367	2
1368	7
1369	5
1370	5
1371	6
1372	7
1373	5
1374	7
1375	6
1376	5
1377	4
1378	6
1379	1
1380	4
1381	3
1382	5
1383	7
1384	7
1385	6
1386	4
1387	7
1388	6
1389	8
1390	6
1391	6
1392	1
1393	2
1394	4
1395	6
1396	7
1397	3
1398	4
1399	6
1400	7
1401	5
1402	2
1403	5
1404	4
1405	6
1406	5
1407	7
1408	7
1409	2
1410	8
1411	1
1412	4
1413	5
1414	3
1415	6
1416	8
1417	5
1418	6
1419	6
1420	6
1421	4
1422	7
1423	7
1424	8
1425	7
1426	4
1427	4
1428	3
1429	6
1430	6
1431	5
1432	6
1433	5
1434	6
1435	8
1436	1
1437	6
1438	6
1439	5
1440	5
1441	6
1442	4
1443	7
1444	5
1445	5
1446	5
1447	6
1448	6
1449	7
1450	4
1451	5
1452	4
1453	7
1454	5
1455	5
1456	5
1457	7
1458	6
1459	5
1460	5
1461	6
1462	6
1463	6
1464	5
1465	4
1466	8
1467	7
1468	6
1469	8
1470	8
1471	1
1472	6
1473	4
1474	5
1475	5
1476	5
1477	3
1478	7
1479	3
1480	8
1481	7
1482	6
1483	7
1484	8
1485	8
1486	6
1487	6
1488	4
1489	6
1490	6
1491	4
1492	5
1493	7
1494	5
1495	5
1496	4
1497	5
1498	1
1499	6
1500	6
1501	5
1502	7
1503	5
1504	3
1505	7
1506	6
1507	1
1508	6
1509	7
1510	6
1511	7
1512	2
1513	5
1514	6
1515	7
1516	6
1517	3
1518	2
1519	6
1520	7
1521	7
1522	1
1523	6
1524	2
1525	7
1526	2
1527	4
1528	7
1529	7
1530	3
1531	5
1532	8
1533	2
1534	6
1535	3
1536	6
1537	5
1538	6
1539	5
1540	5
1541	4
1542	5
1543	7
1544	3
1545	7
1546	6
1547	5
1548	3
1549	4
1550	5
1551	5
1552	5
1553	3
1554	3
1555	7
1556	1
1557	7
1558	5
1559	8
1560	3
1561	5
1562	4
1563	4
1564	7
1565	7
1566	7
1567	7
1568	5
1569	4
1570	5
1571	8
1572	6
1573	6
1574	7
1575	5
1576	6
1577	7
1578	5
1579	7
1580	7
1581	6
1582	5
1583	7
1584	6
1585	4
1586	7
1587	6
1588	1
1589	7
1590	6
1591	1
1592	6
1593	7
1594	1
1595	6
1596	8
1597	5
1598	2
1599	4
1600	5
1601	1
1602	6
1603	6
1604	6
1605	8
1606	2
1607	1
1608	8
1609	7
1610	7
1611	3
1612	6
1613	1
1614	6
1615	7
1616	6
1617	7
1618	6
1619	7
1620	3
1621	7
1622	5
1623	5
1624	5
1625	7
1626	1
1627	4
1628	7
1629	2
1630	4
1631	6
1632	7
1633	1
1634	5
1635	6
1636	3
1637	7
1638	6
1639	2
1640	5
1641	7
1642	3
1643	5
1644	4
1645	5
1646	8
1647	6
1648	3
1649	5
1650	6
1651	5
1652	5
1653	7
1654	5
1655	6
1656	6
1657	6
1658	5
1659	1
1660	7
1661	2
1662	7
1663	6
1664	7
1665	7
1666	1
1667	6
1668	8
1669	8
1670	4
1671	2
1672	7
1673	5
1674	2
1675	6
1676	7
1677	5
1678	3
1679	7
1680	7
1681	7
1682	7
1683	7
1684	6
1685	4
1686	7
1687	6
1688	5
1689	7
1690	8
1691	6
1692	6
1693	6
1694	6
1695	7
1696	4
1697	8
1698	6
1699	7
1700	6
1701	5
1702	5
1703	7
1704	5
1705	6
1706	7
1707	4
1708	7
1709	6
1710	4
1711	3
1712	1
1713	4
1714	6
1715	4
1716	7
1717	2
1718	6
1719	5
1720	7
1721	7
1722	7
1723	7
1724	7
1725	7
1726	2
1727	6
1728	8
1729	6
1730	6
1731	5
1732	6
1733	7
1734	3
1735	6
1736	7
1737	6
1738	3
1739	3
1740	6
1741	6
1742	1
1743	8
1744	8
1745	7
1746	5
1747	4
1748	6
1749	6
1750	7
1751	4
1752	7
1753	6
1754	5
1755	4
1756	7
1757	3
1758	7
1759	6
1760	1
1761	4
1762	5
1763	1
1764	5
1765	2
1766	2
1767	4
1768	8
1769	5
1770	6
1771	4
1772	6
1773	7
1774	5
1775	3
1776	6
1777	7
1778	1
1779	4
1780	7
1781	7
1782	4
1783	7
1784	1
1785	5
1786	5
1787	6
1788	2
1789	8
1790	3
1791	4
1792	7
1793	6
1794	5
1795	2
1796	8
1797	5
1798	7
1799	4
1800	6
1801	7
1802	5
1803	4
1804	7
1805	4
1806	5
1807	4
1808	6
1809	6
1810	2
1811	6
1812	8
1813	5
1814	6
1815	8
1816	4
1817	6
1818	5
1819	6
1820	1
1821	7
1822	5
1823	2
1824	6
1825	3
1826	7
1827	6
1828	7
1829	4
1830	5
1831	4
1832	7
1833	5
1834	8
1835	7
1836	5
1837	6
1838	3
1839	6
1840	7
1841	6
1842	3
1843	1
1844	7
1845	4
1846	5
1847	4
1848	4
1849	6
1850	7
1851	2
1852	7
1853	1
1854	6
1855	5
1856	7
1857	6
1858	7
1859	3
1860	8
1861	7
1862	1
1863	6
1864	8
1865	6
1866	6
1867	7
1868	7
1869	5
1870	3
1871	1
1872	3
1873	6
1874	8
1875	7
1876	7
1877	6
1878	5
1879	5
1880	5
1881	4
1882	5
1883	7
1884	1
1885	7
1886	8
1887	1
1888	7
1889	6
1890	6
1891	3
1892	3
1893	4
1894	4
1895	4
1896	8
1897	7
1898	4
1899	5
1900	2
1901	4
1902	8
1903	7
1904	5
1905	7
1906	7
1907	5
1908	5
1909	6
1910	5
1911	1
1912	5
1913	5
1914	7
1915	5
1916	8
1917	2
1918	6
1919	3
1920	7
1921	2
1922	6
1923	3
1924	6
1925	5
1926	5
1927	5
1928	4
1929	6
1930	3
1931	5
1932	1
1933	7
1934	6
1935	5
1936	5
1937	7
1938	6
1939	2
1940	7
1941	4
1942	7
1943	6
1944	2
1945	7
1946	8
1947	4
1948	6
1949	7
1950	2
1951	7
1952	4
1953	5
1954	3
1955	6
1956	2
1957	7
1958	7
1959	6
1960	8
1961	5
1962	6
1963	5
1964	3
1965	5
1966	6
1967	8
1968	8
1969	5
1970	6
1971	5
1972	6
1973	6
1974	6
1975	4
1976	7
1977	6
1978	4
1979	5
1980	8
1981	1
1982	3
1983	5
1984	6
1985	6
1986	5
1987	4
1988	8
1989	8
1990	8
1991	5
1992	4
1993	6
1994	2
1995	7
1996	5
1997	6
1998	5
1999	6
2000	6
2001	8
2002	3
2003	6
2004	6
2005	5
2006	6
2007	4
2008	6
2009	6
2010	6
2011	6
2012	6
2013	6
2014	5
2015	1
2016	6
2017	7
2018	6
2019	7
2020	4
2021	6
2022	6
2023	3
2024	7
2025	5
2026	5
2027	7
2028	6
2029	7
2030	3
2031	5
2032	7
2033	2
2034	6
2035	7
2036	7
2037	7
2038	5
2039	6
2040	7
2041	5
2042	7
2043	7
2044	4
2045	6
2046	7
2047	5
2048	8
2049	1
2050	5
2051	1
2052	6
2053	4
2054	6
2055	6
2056	7
2057	6
2058	5
2059	6
2060	6
2061	4
2062	8
2063	4
2064	8
2065	2
2066	7
2067	1
2068	5
2069	6
2070	7
2071	4
2072	5
2073	8
2074	2
2075	6
2076	2
2077	7
2078	1
2079	8
2080	5
2081	6
2082	1
2083	5
2084	6
2085	8
2086	6
2087	6
2088	6
2089	4
2090	6
2091	7
2092	4
2093	4
2094	5
2095	6
2096	8
2097	8
2098	6
2099	5
2100	7
2101	7
2102	7
2103	5
2104	8
2105	6
2106	2
2107	6
2108	5
2109	5
2110	4
2111	8
2112	2
2113	5
2114	5
2115	8
2116	6
2117	1
2118	4
2119	6
2120	6
2121	7
2122	5
2123	6
2124	6
2125	5
2126	6
2127	6
2128	6
2129	4
2130	5
2131	6
2132	7
2133	2
2134	6
2135	6
2136	7
2137	2
2138	7
2139	5
2140	6
2141	7
2142	7
2143	5
2144	6
2145	8
2146	7
2147	6
2148	8
2149	6
2150	8
2151	1
2152	6
2153	7
2154	7
2155	5
2156	7
2157	5
2158	6
2159	6
2160	6
2161	6
2162	4
2163	5
2164	6
2165	2
2166	5
2167	2
2168	7
2169	8
2170	5
2171	7
2172	7
2173	4
2174	2
2175	4
2176	3
2177	4
2178	7
2179	7
2180	5
2181	1
2182	8
2183	7
2184	5
2185	6
2186	6
2187	6
2188	6
2189	6
2190	4
2191	5
2192	7
2193	5
2194	6
2195	6
2196	4
2197	8
2198	3
2199	6
2200	7
2201	3
2202	7
2203	1
2204	5
2205	4
2206	4
2207	2
2208	6
2209	8
2210	5
2211	6
2212	6
2213	6
2214	2
2215	6
2216	6
2217	7
2218	3
2219	6
2220	7
2221	7
2222	1
2223	4
2224	7
2225	6
2226	3
2227	6
2228	6
2229	3
2230	7
2231	4
2232	6
2233	3
2234	4
2235	8
2236	4
2237	6
2238	7
2239	7
2240	5
2241	1
2242	5
2243	5
2244	7
2245	6
2246	4
2247	6
2248	7
2249	8
2250	1
2251	7
2252	7
2253	5
2254	8
2255	8
2256	3
2257	7
2258	5
2259	5
2260	4
2261	6
2262	6
2263	6
2264	5
2265	6
2266	6
2267	5
2268	6
2269	8
2270	5
2271	7
2272	7
2273	7
2274	1
2275	6
2276	2
2277	6
2278	4
2279	4
2280	7
2281	5
2282	5
2283	6
2284	7
2285	6
2286	7
2287	7
2288	8
2289	7
2290	1
2291	8
2292	1
2293	7
2294	7
2295	7
2296	7
2297	6
2298	6
2299	5
2300	1
2301	7
2302	5
2303	1
2304	7
2305	6
2306	8
2307	1
2308	6
2309	1
2310	6
2311	5
2312	7
2313	6
2314	4
2315	6
2316	7
2317	4
2318	5
2319	3
2320	5
2321	7
2322	8
2323	8
2324	6
2325	5
2326	5
2327	5
2328	7
2329	8
2330	5
2331	6
2332	7
2333	7
2334	6
2335	6
2336	6
2337	4
2338	5
2339	1
2340	8
2341	1
2342	6
2343	3
2344	5
2345	5
2346	7
2347	5
2348	6
2349	5
2350	6
2351	7
2352	6
2353	4
2354	7
2355	3
2356	2
2357	6
2358	7
2359	4
2360	7
2361	8
2362	1
2363	4
2364	5
2365	1
