0 8
1 4
2 8
3 8
4 8
5 8
6 2
7 6
8 8
9 8
10 8
11 8
12 2
13 8
14 8
15 2
16 8
17 8
18 8
19 8
20 8
21 2
22 8
23 2
24 8
25 6
26 8
27 8
28 8
29 8
30 4
31 8
32 8
33 8
34 8
35 8
36 4
37 8
38 6
39 2
40 8
41 8
42 2
43 6
44 6
45 6
46 8
47 8
48 8
49 8
50 8
51 4
52 8
53 8
54 8
55 2
56 6
57 6
58 8
59 8
60 8
61 8
62 8
63 8
64 2
65 8
66 8
67 4
68 6
69 6
70 6
71 8
72 8
73 2
74 8
75 2
76 8
77 4
78 6
79 8
80 8
81 6
82 4
83 8
84 8
85 6
86 8
87 2
88 6
89 6
90 6
91 8
92 6
93 8
94 8
95 8
96 8
97 8
98 8
99 8
100 8
101 4
102 8
103 8
104 8
105 8
106 6
107 8
108 2
109 6
110 8
111 8
112 8
113 8
114 2
115 8
116 8
117 8
118 8
119 2
120 8
121 8
122 8
123 6
124 6
125 8
126 8
127 8
128 8
129 8
130 8
131 8
132 8
133 8
134 8
135 4
136 8
137 6
138 2
139 6
140 8
141 8
142 8
143 8
144 8
145 8
146 6
147 8
148 8
149 8
150 2
151 8
152 2
153 6
154 6
155 6
156 8
157 4
158 8
159 8
160 6
161 8
162 8
163 8
164 6
165 6
166 8
167 8
168 6
169 6
170 8
171 8
172 4
173 6
174 6
175 8
176 6
177 6
178 6
179 8
180 8
181 6
182 6
183 8
184 8
185 6
186 8
187 8
188 8
189 8
190 6
191 6
192 8
193 6
194 4
195 8
196 6
197 8
198 8
199 8
200 8
201 8
202 8
203 6
204 8
205 6
206 8
207 6
208 8
209 6
210 6
211 8
212 8
213 8
214 8
215 8
216 8
217 6
218 8
219 6
220 6
221 6
222 8
223 8
224 2
225 8
226 8
227 8
228 8
229 8
230 2
231 8
232 6
233 8
234 8
235 2
236 8
237 6
238 8
239 8
240 8
241 8
242 8
243 8
244 8
245 8
246 8
247 4
248 6
249 8
250 8
251 4
252 8
253 6
254 8
255 8
256 8
257 8
258 8
259 2
260 8
261 4
262 8
263 8
264 8
265 8
266 8
267 8
268 8
269 8
270 8
271 6
272 4
273 8
274 6
275 8
276 8
277 8
278 8
279 2
280 8
281 6
282 2
283 4
284 6
285 8
286 8
287 2
288 8
289 8
290 8
291 6
292 8
293 8
294 8
295 2
296 8
297 8
298 8
299 2
300 8
301 8
302 6
303 8
304 8
305 8
306 8
307 6
308 8
309 8
310 8
311 8
312 8
313 8
314 6
315 8
316 6
317 6
318 8
319 4
320 8
321 8
322 2
323 8
324 8
325 8
326 6
327 8
328 8
329 6
330 6
331 8
332 8
333 6
334 8
335 8
336 8
337 8
338 2
339 8
340 8
341 6
342 8
343 8
344 8
345 6
346 8
347 6
348 2
349 6
350 2
351 8
352 8
353 2
354 8
355 8
356 8
357 2
358 8
359 8
360 8
361 2
362 6
363 8
364 6
365 8
366 8
367 8
368 8
369 8
370 8
371 6
372 8
373 6
374 8
375 4
376 8
377 8
378 8
379 4
380 8
381 8
382 6
383 8
384 8
385 8
386 6
387 8
388 8
389 8
390 8
391 8
392 8
393 8
394 8
395 8
396 6
397 8
398 8
399 6
400 8
401 8
402 8
403 8
404 8
405 6
406 8
407 8
408 8
409 8
410 2
411 8
412 8
413 6
414 8
415 8
416 8
417 4
418 8
419 6
420 8
421 8
422 6
423 6
424 6
425 8
426 8
427 8
428 6
429 8
430 8
431 8
432 8
433 8
434 8
435 4
436 6
437 8
438 8
439 8
440 2
441 8
442 6
443 6
444 8
445 8
446 8
447 8
448 2
449 8
450 6
451 8
452 8
453 8
454 8
455 4
456 8
457 8
458 6
459 8
460 8
461 2
462 8
463 8
464 6
465 8
466 8
467 8
468 8
469 8
470 6
471 8
472 6
473 8
474 8
475 8
476 4
477 6
478 8
479 8
480 8
481 8
482 6
483 6
484 6
485 8
486 8
487 6
488 8
489 8
490 8
491 8
492 8
493 8
494 8
495 6
496 8
497 8
498 4
499 8
500 6
501 6
502 8
503 8
504 8
505 8
506 8
507 4
508 6
509 6
510 8
511 2
512 8
513 8
514 8
515 4
516 8
517 8
518 6
519 8
520 8
521 6
522 8
523 6
524 6
525 2
526 6
527 8
528 6
529 8
530 8
531 8
532 8
533 8
534 6
535 6
536 6
537 8
538 6
539 8
540 6
541 6
542 6
543 8
544 6
545 8
546 6
547 8
548 4
549 8
550 8
551 8
552 8
553 2
554 6
555 6
556 8
557 2
558 6
559 8
560 8
561 6
562 8
563 8
564 8
565 6
566 8
567 6
568 8
569 8
570 8
571 8
572 8
573 8
574 8
575 8
576 6
577 6
578 6
579 6
580 8
581 6
582 8
583 2
584 4
585 8
586 8
587 8
588 8
589 8
590 8
591 4
592 2
593 6
594 8
595 2
596 8
597 8
598 8
599 8
600 8
601 6
602 6
603 6
604 8
605 8
606 8
607 8
608 2
609 6
610 8
611 6
612 8
613 8
614 2
615 8
616 8
617 4
618 8
619 2
620 8
621 6
622 8
623 6
624 2
625 8
626 6
627 8
628 8
629 6
630 8
631 8
632 8
633 8
634 8
635 4
636 2
637 8
638 6
639 4
640 8
641 8
642 2
643 8
644 6
645 2
646 8
647 6
648 8
649 8
650 8
651 2
652 8
653 8
654 6
655 8
656 6
657 8
658 8
659 2
660 6
661 2
662 6
663 8
664 6
665 8
666 8
667 8
668 2
669 8
670 2
671 8
672 8
673 8
674 8
675 6
676 6
677 6
678 8
679 8
680 6
681 8
682 8
683 8
684 8
685 6
686 2
687 8
688 8
689 8
690 8
691 6
692 8
693 6
694 8
695 8
696 6
697 8
698 6
699 6
700 4
701 8
702 8
703 6
704 8
705 8
706 6
707 4
708 8
709 8
710 4
711 8
712 8
713 4
714 8
715 2
716 6
717 8
718 2
719 8
720 8
721 6
722 8
723 2
724 6
725 8
726 8
727 8
728 8
729 4
730 8
731 8
732 8
733 8
734 6
735 6
736 6
737 4
738 8
739 6
740 6
741 6
742 6
743 8
744 8
745 4
746 8
747 6
748 8
749 4
750 8
751 8
752 8
753 8
754 8
755 8
756 6
757 8
758 6
759 8
760 4
761 8
762 8
763 8
764 4
765 8
766 6
767 8
768 6
769 8
770 8
771 2
772 8
773 8
774 2
775 8
776 4
777 6
778 2
779 8
780 8
781 4
782 8
783 6
784 8
785 8
786 8
787 8
788 6
789 8
790 4
791 8
792 8
793 8
794 8
795 8
796 6
797 8
798 8
799 8
800 8
801 6
802 8
803 6
804 8
805 8
806 8
807 8
808 6
809 8
810 8
811 8
812 8
813 8
814 8
815 8
816 8
817 8
818 8
819 6
820 8
821 8
822 6
823 2
824 8
825 6
826 8
827 2
828 8
829 4
830 8
831 8
832 8
833 8
834 2
835 8
836 8
837 8
838 8
839 8
840 8
841 6
842 8
843 8
844 8
845 8
846 8
847 6
848 6
849 8
850 6
851 8
852 8
853 6
854 8
855 8
856 6
857 8
858 8
859 8
860 6
861 6
862 8
863 4
864 8
865 8
866 4
867 8
868 8
869 8
870 8
871 8
872 8
873 8
874 2
875 8
876 8
877 8
878 8
879 8
880 6
881 8
882 2
883 8
884 6
885 8
886 4
887 8
888 8
889 8
890 8
891 4
892 6
893 6
894 8
895 8
896 8
897 8
898 8
899 8
900 8
901 8
902 8
903 8
904 6
905 8
906 2
907 6
908 8
909 8
910 8
911 8
912 6
913 4
914 8
915 8
916 8
917 8
918 2
919 8
920 4
921 8
922 8
923 6
924 4
925 8
926 8
927 8
928 8
929 4
930 8
931 8
932 6
933 8
934 8
935 8
936 8
937 8
938 8
939 4
940 8
941 8
942 8
943 6
944 8
945 4
946 8
947 4
948 8
949 8
950 6
951 8
952 6
953 6
954 8
955 8
956 8
957 6
958 8
959 4
960 8
961 8
962 8
963 8
964 2
965 8
966 4
967 8
968 8
969 4
970 6
971 6
972 8
973 8
974 6
975 8
976 6
977 8
978 8
979 4
980 8
981 8
982 6
983 2
984 8
985 4
986 2
987 8
988 8
989 8
990 8
991 8
992 6
993 4
994 8
995 4
996 8
997 6
998 8
999 4
1000 8
1001 6
1002 8
1003 4
1004 8
1005 8
1006 2
1007 6
1008 6
1009 6
1010 8
1011 8
1012 8
1013 6
1014 8
1015 8
1016 8
1017 6
1018 8
1019 8
1020 8
1021 8
1022 8
1023 8
1024 8
1025 6
1026 6
1027 8
1028 8
1029 4
1030 8
1031 8
1032 8
1033 8
1034 8
1035 6
1036 8
1037 2
1038 8
1039 8
1040 6
1041 8
1042 6
1043 8
1044 8
1045 4
1046 8
1047 6
1048 8
1049 8
1050 2
1051 8
1052 6
1053 2
1054 8
1055 8
1056 8
1057 2
1058 8
1059 4
1060 8
1061 8
1062 8
1063 6
1064 8
1065 4
1066 8
1067 8
1068 6
1069 8
1070 8
1071 8
1072 6
1073 8
1074 6
1075 8
1076 6
1077 8
1078 8
1079 8
1080 8
1081 8
1082 6
1083 6
1084 8
1085 8
1086 6
1087 8
1088 8
1089 8
1090 6
1091 6
1092 8
1093 8
1094 8
1095 8
1096 8
1097 6
1098 6
1099 6
1100 8
1101 8
1102 6
1103 8
1104 8
1105 8
1106 8
1107 8
1108 8
1109 8
1110 6
1111 8
1112 6
1113 6
1114 2
1115 8
1116 8
1117 8
1118 8
1119 8
1120 8
1121 8
1122 6
1123 6
1124 8
1125 6
1126 8
1127 2
1128 8
1129 8
1130 4
1131 6
1132 8
1133 8
1134 8
1135 4
1136 8
1137 8
1138 6
1139 8
1140 6
1141 4
1142 6
1143 6
1144 8
1145 8
1146 8
1147 8
1148 8
1149 8
1150 8
1151 8
1152 8
1153 8
1154 8
1155 8
1156 8
1157 6
1158 8
1159 2
1160 6
1161 8
1162 8
1163 8
1164 6
1165 4
1166 8
1167 6
1168 8
1169 8
1170 4
1171 8
1172 8
1173 8
1174 8
1175 8
1176 2
1177 8
1178 8
1179 8
1180 8
1181 6
1182 8
1183 2
1184 4
1185 8
1186 6
1187 8
1188 6
1189 8
1190 6
1191 8
1192 4
1193 4
1194 8
1195 8
1196 8
1197 8
1198 6
1199 8
1200 6
1201 2
1202 8
1203 2
1204 8
1205 8
1206 6
1207 8
1208 2
1209 6
1210 8
1211 8
1212 8
1213 8
1214 8
1215 2
1216 6
1217 8
1218 8
1219 8
1220 8
1221 8
1222 4
1223 8
1224 8
1225 8
1226 6
1227 8
1228 8
1229 8
1230 8
1231 4
1232 8
1233 8
1234 8
1235 6
1236 8
1237 8
1238 8
1239 4
1240 8
1241 4
1242 4
1243 8
1244 6
1245 8
1246 8
1247 8
1248 4
1249 6
1250 6
1251 6
1252 6
1253 8
1254 6
1255 8
1256 4
1257 8
1258 8
1259 6
1260 8
1261 6
1262 6
1263 8
1264 4
1265 6
1266 8
1267 6
1268 8
1269 6
1270 6
1271 8
1272 6
1273 8
1274 2
1275 8
1276 6
1277 8
1278 4
1279 8
1280 8
1281 2
1282 8
1283 8
1284 2
1285 8
1286 8
1287 4
1288 8
1289 8
1290 6
1291 8
1292 2
1293 6
1294 6
1295 6
1296 8
1297 6
1298 8
1299 8
1300 6
1301 8
1302 8
1303 8
1304 8
1305 8
1306 8
1307 6
1308 8
1309 6
1310 4
1311 8
1312 8
1313 2
1314 4
1315 8
1316 2
1317 8
1318 8
1319 8
1320 8
1321 8
1322 4
1323 8
1324 6
1325 8
1326 2
1327 8
1328 8
1329 8
1330 8
1331 8
1332 8
1333 8
1334 8
1335 8
1336 8
1337 8
1338 4
1339 8
1340 8
1341 6
1342 8
1343 8
1344 8
1345 8
1346 8
1347 8
1348 8
1349 8
1350 8
1351 8
1352 2
1353 8
1354 2
1355 8
1356 8
1357 6
1358 8
1359 8
1360 2
1361 8
1362 6
1363 8
1364 8
1365 8
1366 8
1367 2
1368 8
1369 8
1370 6
1371 8
1372 8
1373 8
1374 8
1375 8
1376 6
1377 6
1378 8
1379 2
1380 6
1381 6
1382 8
1383 8
1384 8
1385 8
1386 2
1387 6
1388 8
1389 8
1390 8
1391 8
1392 8
1393 2
1394 4
1395 6
1396 8
1397 8
1398 4
1399 8
1400 8
1401 8
1402 8
1403 4
1404 8
1405 6
1406 8
1407 6
1408 8
1409 8
1410 2
1411 8
1412 2
1413 6
1414 6
1415 4
1416 8
1417 8
1418 8
1419 8
1420 8
1421 8
1422 6
1423 8
1424 8
1425 8
1426 8
1427 8
1428 4
1429 6
1430 8
1431 8
1432 8
1433 8
1434 6
1435 8
1436 8
1437 2
1438 6
1439 8
1440 8
1441 8
1442 8
1443 4
1444 8
1445 6
1446 8
1447 8
1448 8
1449 8
1450 8
1451 8
1452 8
1453 6
1454 8
1455 6
1456 8
1457 8
1458 8
1459 8
1460 6
1461 8
1462 8
1463 8
1464 8
1465 8
1466 6
1467 8
1468 8
1469 8
1470 8
1471 8
1472 2
1473 8
1474 6
1475 6
1476 6
1477 6
1478 4
1479 8
1480 6
1481 8
1482 8
1483 6
1484 8
1485 8
1486 8
1487 8
1488 8
1489 6
1490 6
1491 6
1492 6
1493 8
1494 8
1495 6
1496 8
1497 6
1498 8
1499 2
1500 8
1501 6
1502 8
1503 8
1504 8
1505 4
1506 8
1507 8
1508 2
1509 8
1510 8
1511 8
1512 8
1513 2
1514 6
1515 8
1516 8
1517 8
1518 6
1519 4
1520 8
1521 8
1522 8
1523 2
1524 8
1525 4
1526 8
1527 2
1528 6
1529 8
1530 8
1531 4
1532 6
1533 8
1534 4
1535 6
1536 4
1537 8
1538 8
1539 8
1540 8
1541 6
1542 8
1543 6
1544 8
1545 6
1546 8
1547 8
1548 8
1549 4
1550 8
1551 6
1552 6
1553 8
1554 4
1555 6
1556 8
1557 2
1558 8
1559 8
1560 8
1561 4
1562 6
1563 8
1564 6
1565 8
1566 8
1567 8
1568 8
1569 6
1570 6
1571 6
1572 8
1573 8
1574 8
1575 8
1576 8
1577 8
1578 8
1579 8
1580 8
1581 8
1582 8
1583 8
1584 8
1585 8
1586 6
1587 8
1588 8
1589 2
1590 8
1591 8
1592 2
1593 8
1594 8
1595 2
1596 6
1597 8
1598 8
1599 4
1600 8
1601 6
1602 2
1603 8
1604 8
1605 6
1606 8
1607 4
1608 2
1609 8
1610 8
1611 8
1612 4
1613 8
1614 2
1615 8
1616 8
1617 8
1618 8
1619 8
1620 8
1621 6
1622 8
1623 8
1624 8
1625 6
1626 8
1627 2
1628 6
1629 8
1630 2
1631 8
1632 8
1633 8
1634 2
1635 8
1636 8
1637 4
1638 8
1639 8
1640 4
1641 6
1642 8
1643 2
1644 6
1645 8
1646 6
1647 8
1648 8
1649 6
1650 8
1651 8
1652 8
1653 6
1654 8
1655 8
1656 8
1657 8
1658 6
1659 8
1660 2
1661 8
1662 4
1663 8
1664 8
1665 8
1666 8
1667 2
1668 8
1669 8
1670 8
1671 6
1672 4
1673 8
1674 6
1675 4
1676 8
1677 8
1678 6
1679 4
1680 8
1681 8
1682 8
1683 8
1684 8
1685 8
1686 6
1687 8
1688 8
1689 6
1690 8
1691 8
1692 8
1693 8
1694 8
1695 8
1696 8
1697 8
1698 8
1699 8
1700 8
1701 8
1702 8
1703 8
1704 8
1705 8
1706 8
1707 8
1708 6
1709 8
1710 8
1711 6
1712 4
1713 2
1714 6
1715 8
1716 6
1717 8
1718 4
1719 8
1720 8
1721 8
1722 8
1723 8
1724 8
1725 8
1726 8
1727 4
1728 8
1729 8
1730 8
1731 8
1732 8
1733 8
1734 8
1735 6
1736 8
1737 8
1738 8
1739 4
1740 6
1741 8
1742 8
1743 2
1744 8
1745 8
1746 8
1747 6
1748 4
1749 6
1750 8
1751 8
1752 4
1753 8
1754 8
1755 8
1756 6
1757 8
1758 4
1759 8
1760 8
1761 2
1762 6
1763 6
1764 2
1765 8
1766 4
1767 4
1768 6
1769 8
1770 8
1771 6
1772 6
1773 6
1774 8
1775 8
1776 4
1777 8
1778 8
1779 2
1780 4
1781 8
1782 8
1783 6
1784 8
1785 2
1786 8
1787 6
1788 8
1789 4
1790 8
1791 6
1792 6
1793 8
1794 6
1795 8
1796 2
1797 8
1798 6
1799 8
1800 6
1801 8
1802 8
1803 8
1804 4
1805 8
1806 6
1807 8
1808 6
1809 8
1810 8
1811 2
1812 6
1813 8
1814 8
1815 8
1816 8
1817 6
1818 8
1819 6
1820 8
1821 2
1822 8
1823 6
1824 4
1825 6
1826 4
1827 8
1828 8
1829 8
1830 8
1831 8
1832 6
1833 8
1834 8
1835 8
1836 8
1837 8
1838 6
1839 4
1840 8
1841 8
1842 8
1843 4
1844 2
1845 8
1846 6
1847 8
1848 6
1849 4
1850 8
1851 8
1852 4
1853 8
1854 2
1855 8
1856 8
1857 8
1858 8
1859 8
1860 4
1861 8
1862 8
1863 2
1864 6
1865 8
1866 6
1867 6
1868 8
1869 8
1870 8
1871 6
1872 2
1873 6
1874 8
1875 8
1876 8
1877 8
1878 6
1879 8
1880 8
1881 8
1882 8
1883 6
1884 8
1885 2
1886 8
1887 8
1888 2
1889 8
1890 8
1891 8
1892 4
1893 4
1894 6
1895 6
1896 6
1897 8
1898 8
1899 8
1900 8
1901 6
1902 6
1903 8
1904 8
1905 8
1906 8
1907 8
1908 6
1909 8
1910 8
1911 8
1912 2
1913 6
1914 6
1915 8
1916 8
1917 8
1918 4
1919 8
1920 4
1921 8
1922 2
1923 8
1924 6
1925 8
1926 8
1927 6
1928 6
1929 6
1930 8
1931 4
1932 6
1933 2
1934 8
1935 8
1936 6
1937 6
1938 8
1939 8
1940 4
1941 8
1942 4
1943 8
1944 6
1945 4
1946 8
1947 8
1948 6
1949 6
1950 8
1951 4
1952 8
1953 6
1954 8
1955 6
1956 8
1957 4
1958 8
1959 8
1960 8
1961 8
1962 6
1963 8
1964 6
1965 6
1966 6
1967 8
1968 8
1969 8
1970 6
1971 6
1972 8
1973 8
1974 8
1975 6
1976 6
1977 8
1978 6
1979 6
1980 6
1981 8
1982 2
1983 4
1984 6
1985 8
1986 8
1987 6
1988 6
1989 8
1990 8
1991 8
1992 8
1993 6
1994 8
1995 4
1996 8
1997 8
1998 8
1999 8
2000 8
2001 8
2002 8
2003 4
2004 8
2005 8
2006 8
2007 8
2008 4
2009 6
2010 6
2011 8
2012 8
2013 8
2014 8
2015 8
2016 2
2017 8
2018 8
2019 8
2020 8
2021 6
2022 8
2023 8
2024 4
2025 8
2026 6
2027 8
2028 8
2029 8
2030 8
2031 4
2032 6
2033 8
2034 2
2035 8
2036 8
2037 8
2038 8
2039 6
2040 8
2041 8
2042 6
2043 8
2044 8
2045 6
2046 6
2047 8
2048 8
2049 8
2050 2
2051 6
2052 2
2053 8
2054 6
2055 6
2056 8
2057 8
2058 8
2059 8
2060 8
2061 8
2062 4
2063 8
2064 6
2065 8
2066 4
2067 8
2068 2
2069 6
2070 8
2071 8
2072 6
2073 6
2074 8
2075 4
2076 8
2077 4
2078 8
2079 2
2080 8
2081 8
2082 6
2083 2
2084 6
2085 8
2086 8
2087 8
2088 8
2089 8
2090 6
2091 8
2092 8
2093 8
2094 8
2095 6
2096 8
2097 8
2098 8
2099 8
2100 8
2101 8
2102 8
2103 8
2104 8
2105 8
2106 8
2107 2
2108 8
2109 8
2110 8
2111 4
2112 8
2113 4
2114 6
2115 8
2116 8
2117 8
2118 2
2119 6
2120 6
2121 8
2122 8
2123 8
2124 8
2125 8
2126 8
2127 8
2128 8
2129 8
2130 6
2131 8
2132 8
2133 8
2134 4
2135 8
2136 8
2137 8
2138 4
2139 8
2140 6
2141 8
2142 8
2143 8
2144 8
2145 6
2146 8
2147 8
2148 8
2149 8
2150 8
2151 8
2152 2
2153 8
2154 8
2155 8
2156 6
2157 8
2158 6
2159 8
2160 8
2161 8
2162 8
2163 6
2164 8
2165 6
2166 4
2167 6
2168 4
2169 8
2170 8
2171 8
2172 8
2173 8
2174 8
2175 2
2176 6
2177 6
2178 6
2179 8
2180 8
2181 8
2182 2
2183 8
2184 8
2185 8
2186 8
2187 8
2188 8
2189 6
2190 8
2191 6
2192 8
2193 8
2194 8
2195 6
2196 8
2197 6
2198 8
2199 4
2200 8
2201 8
2202 4
2203 8
2204 2
2205 8
2206 6
2207 6
2208 2
2209 8
2210 8
2211 8
2212 8
2213 6
2214 6
2215 4
2216 8
2217 8
2218 8
2219 4
2220 8
2221 8
2222 8
2223 2
2224 6
2225 8
2226 8
2227 4
2228 8
2229 8
2230 4
2231 8
2232 6
2233 8
2234 6
2235 6
2236 8
2237 6
2238 8
2239 8
2240 8
2241 6
2242 2
2243 6
2244 8
2245 8
2246 6
2247 6
2248 8
2249 8
2250 8
2251 2
2252 8
2253 8
2254 8
2255 8
2256 8
2257 4
2258 8
2259 6
2260 6
2261 6
2262 8
2263 8
2264 8
2265 8
2266 8
2267 8
2268 6
2269 8
2270 8
2271 8
2272 8
2273 8
2274 8
2275 2
2276 8
2277 4
2278 8
2279 6
2280 6
2281 8
2282 6
2283 6
2284 8
2285 8
2286 8
2287 8
2288 8
2289 8
2290 8
2291 2
2292 8
2293 2
2294 8
2295 8
2296 8
2297 8
2298 8
2299 8
2300 8
2301 4
2302 8
2303 6
2304 2
2305 8
2306 8
2307 8
2308 2
2309 8
2310 2
2311 8
2312 6
2313 8
2314 8
2315 8
2316 6
2317 8
2318 6
2319 6
2320 6
2321 6
2322 8
2323 8
2324 8
2325 8
2326 6
2327 6
2328 8
2329 8
2330 8
2331 8
2332 8
2333 8
2334 8
2335 6
2336 6
2337 8
2338 6
2339 8
2340 2
2341 8
2342 2
2343 8
2344 6
2345 8
2346 6
2347 8
2348 6
2349 8
2350 8
2351 6
2352 8
2353 8
2354 6
2355 8
2356 4
2357 4
2358 8
2359 8
2360 6
2361 8
2362 8
2363 2
2364 6
2365 6
2366 2
