0 8
1 4
2 8
3 8
4 8
5 8
6 2
7 6
8 8
9 8
10 6
11 8
12 2
13 8
14 8
15 2
16 8
17 8
18 8
19 8
20 8
21 2
22 8
23 2
24 8
25 6
26 8
27 8
28 8
29 8
30 4
31 8
32 8
33 4
34 8
35 8
36 4
37 8
38 6
39 2
40 8
41 8
42 2
43 6
44 6
45 6
46 8
47 8
48 8
49 8
50 8
51 4
52 8
53 8
54 8
55 2
56 6
57 6
58 8
59 8
60 8
61 8
62 8
63 8
64 2
65 8
66 8
67 4
68 6
69 6
70 6
71 8
72 8
73 2
74 8
75 2
76 8
77 4
78 6
79 8
80 8
81 6
82 4
83 8
84 8
85 6
86 8
87 2
88 6
89 6
90 6
91 8
92 6
93 8
94 8
95 8
96 8
97 8
98 8
99 8
100 6
101 4
102 8
103 8
104 8
105 8
106 6
107 8
108 2
109 6
110 8
111 8
112 8
113 8
114 2
115 8
116 8
117 8
118 8
119 2
120 6
121 8
122 8
123 6
124 6
125 6
126 8
127 8
128 8
129 8
130 8
131 8
132 8
133 8
134 8
135 4
136 8
137 6
138 2
139 6
140 8
141 8
142 8
143 8
144 8
145 6
146 6
147 8
148 8
149 8
150 2
151 8
152 2
153 6
154 6
155 6
156 8
157 4
158 8
159 8
160 6
161 8
162 8
163 8
164 6
165 6
166 8
167 8
168 6
169 6
170 8
171 8
172 4
173 6
174 6
175 8
176 6
177 6
178 6
179 8
180 8
181 6
182 6
183 8
184 8
185 6
186 8
187 8
188 8
189 8
190 6
191 6
192 8
193 6
194 4
195 8
196 6
197 8
198 8
199 8
200 8
201 8
202 8
203 6
204 8
205 6
206 8
207 6
208 8
209 6
210 6
211 8
212 8
213 8
214 8
215 8
216 8
217 4
218 8
219 6
220 6
221 6
222 8
223 8
224 2
225 8
226 8
227 8
228 8
229 8
230 2
231 8
232 6
233 8
234 8
235 2
236 8
237 6
238 8
239 8
240 8
241 8
242 8
243 8
244 8
245 8
246 8
247 4
248 6
249 8
250 8
251 4
252 8
253 6
254 8
255 8
256 8
257 8
258 8
259 2
260 8
261 4
262 8
263 8
264 8
265 8
266 8
267 8
268 8
269 8
270 8
271 6
272 4
273 8
274 6
275 8
276 8
277 8
278 8
279 2
280 6
281 6
282 2
283 6
284 6
285 8
286 8
287 2
288 8
289 8
290 8
291 6
292 8
293 8
294 8
295 2
296 8
297 8
298 8
299 2
300 8
301 8
302 6
303 8
304 6
305 8
306 8
307 8
308 8
309 8
310 8
311 8
312 8
313 8
314 6
315 8
316 6
317 6
318 8
319 4
320 8
321 8
322 2
323 8
324 8
325 8
326 6
327 8
328 8
329 6
330 6
331 8
332 8
333 6
334 8
335 8
336 8
337 8
338 2
339 8
340 8
341 6
342 8
343 8
344 8
345 8
346 8
347 6
348 2
349 6
350 2
351 8
352 8
353 2
354 8
355 8
356 8
357 2
358 8
359 8
360 8
361 2
362 8
363 8
364 8
365 8
366 8
367 8
368 8
369 8
370 8
371 6
372 6
373 4
374 8
375 4
376 8
377 8
378 8
379 4
380 8
381 8
382 6
383 8
384 8
385 8
386 6
387 8
388 8
389 8
390 8
391 8
392 8
393 8
394 8
395 8
396 6
397 8
398 8
399 6
400 8
401 8
402 8
403 8
404 8
405 4
406 8
407 8
408 8
409 8
410 2
411 8
412 8
413 6
414 8
415 8
416 8
417 4
418 8
419 6
420 8
421 8
422 4
423 6
424 6
425 8
426 8
427 8
428 6
429 8
430 8
431 8
432 8
433 8
434 8
435 4
436 6
437 8
438 8
439 8
440 2
441 8
442 6
443 6
444 8
445 8
446 8
447 8
448 2
449 8
450 6
451 8
452 8
453 8
454 8
455 4
456 8
457 8
458 6
459 8
460 8
461 2
462 8
463 4
464 6
465 8
466 8
467 8
468 8
469 8
470 6
471 8
472 6
473 8
474 8
475 8
476 4
477 6
478 8
479 8
480 8
481 8
482 6
483 6
484 6
485 8
486 8
487 6
488 8
489 8
490 8
491 8
492 8
493 6
494 6
495 8
496 8
497 8
498 4
499 8
500 6
501 6
502 8
503 8
504 8
505 8
506 8
507 4
508 6
509 6
510 8
511 2
512 8
513 8
514 8
515 4
516 8
517 8
518 6
519 8
520 8
521 6
522 8
523 6
524 6
525 2
526 6
527 8
528 6
529 8
530 6
531 6
532 8
533 8
534 6
535 6
536 6
537 8
538 6
539 8
540 6
541 6
542 6
543 8
544 6
545 6
546 6
547 8
548 4
549 8
550 8
551 8
552 8
553 2
554 6
555 6
556 8
557 2
558 6
559 8
560 8
561 6
562 8
563 8
564 8
565 6
566 8
567 6
568 8
569 8
570 8
571 8
572 8
573 8
574 8
575 8
576 6
577 6
578 6
579 6
580 8
581 6
582 8
583 2
584 4
585 8
586 8
587 8
588 8
589 8
590 8
591 4
592 2
593 6
594 8
595 2
596 8
597 8
598 8
599 8
600 8
601 6
602 6
603 6
604 8
605 8
606 8
607 2
608 8
609 2
610 6
611 8
612 6
613 8
614 8
615 2
616 8
617 8
618 4
619 8
620 2
621 8
622 6
623 8
624 6
625 2
626 8
627 6
628 8
629 8
630 6
631 6
632 8
633 8
634 8
635 8
636 4
637 2
638 8
639 6
640 4
641 8
642 8
643 2
644 8
645 6
646 2
647 8
648 6
649 8
650 8
651 8
652 2
653 8
654 8
655 8
656 6
657 6
658 8
659 8
660 2
661 6
662 2
663 6
664 8
665 6
666 8
667 8
668 8
669 2
670 8
671 2
672 8
673 8
674 8
675 8
676 6
677 6
678 6
679 8
680 8
681 6
682 8
683 8
684 8
685 8
686 6
687 2
688 8
689 8
690 8
691 8
692 6
693 8
694 6
695 8
696 8
697 6
698 8
699 6
700 6
701 4
702 6
703 8
704 6
705 8
706 8
707 6
708 4
709 8
710 8
711 4
712 8
713 8
714 4
715 8
716 2
717 6
718 8
719 2
720 8
721 8
722 6
723 8
724 2
725 6
726 8
727 8
728 8
729 8
730 4
731 8
732 8
733 8
734 8
735 6
736 6
737 6
738 4
739 8
740 6
741 6
742 6
743 6
744 6
745 8
746 4
747 8
748 6
749 8
750 4
751 8
752 8
753 8
754 6
755 8
756 8
757 6
758 8
759 6
760 8
761 4
762 8
763 8
764 8
765 4
766 6
767 6
768 8
769 6
770 8
771 8
772 2
773 8
774 8
775 2
776 8
777 4
778 6
779 2
780 8
781 8
782 4
783 8
784 6
785 8
786 8
787 8
788 8
789 6
790 8
791 4
792 8
793 8
794 8
795 8
796 8
797 6
798 8
799 8
800 8
801 8
802 6
803 8
804 6
805 8
806 8
807 8
808 8
809 6
810 8
811 8
812 8
813 8
814 6
815 8
816 6
817 8
818 8
819 8
820 6
821 8
822 8
823 6
824 2
825 8
826 6
827 8
828 2
829 8
830 4
831 8
832 8
833 8
834 8
835 2
836 8
837 8
838 8
839 8
840 8
841 8
842 6
843 8
844 8
845 8
846 8
847 8
848 6
849 6
850 8
851 6
852 8
853 8
854 6
855 8
856 8
857 6
858 8
859 8
860 8
861 6
862 6
863 8
864 4
865 8
866 8
867 4
868 8
869 8
870 8
871 8
872 8
873 8
874 8
875 2
876 8
877 8
878 8
879 8
880 8
881 6
882 8
883 2
884 8
885 6
886 8
887 4
888 8
889 8
890 8
891 8
892 4
893 6
894 6
895 8
896 8
897 6
898 8
899 8
900 8
901 8
902 8
903 8
904 8
905 4
906 8
907 2
908 4
909 8
910 8
911 8
912 8
913 6
914 6
915 8
916 8
917 8
918 6
919 2
920 8
921 4
922 6
923 8
924 6
925 4
926 8
927 8
928 8
929 8
930 4
931 8
932 8
933 6
934 8
935 8
936 8
937 8
938 8
939 8
940 4
941 8
942 8
943 8
944 8
945 8
946 8
947 4
948 8
949 8
950 6
951 8
952 6
953 6
954 8
955 8
956 8
957 6
958 8
959 4
960 8
961 8
962 8
963 8
964 2
965 8
966 4
967 8
968 8
969 4
970 6
971 6
972 8
973 8
974 6
975 8
976 6
977 8
978 8
979 4
980 8
981 8
982 6
983 2
984 8
985 4
986 2
987 8
988 8
989 8
990 8
991 8
992 6
993 4
994 8
995 4
996 8
997 6
998 8
999 4
1000 8
1001 6
1002 8
1003 4
1004 8
1005 8
1006 2
1007 6
1008 4
1009 6
1010 8
1011 8
1012 8
1013 8
1014 8
1015 8
1016 8
1017 6
1018 8
1019 8
1020 8
1021 8
1022 8
1023 8
1024 8
1025 6
1026 6
1027 8
1028 8
1029 4
1030 8
1031 8
1032 8
1033 8
1034 8
1035 6
1036 8
1037 2
1038 8
1039 8
1040 6
1041 6
1042 6
1043 8
1044 8
1045 4
1046 8
1047 6
1048 8
1049 8
1050 2
1051 8
1052 6
1053 2
1054 8
1055 8
1056 8
1057 2
1058 8
1059 4
1060 8
1061 8
1062 8
1063 6
1064 8
1065 4
1066 8
1067 8
1068 6
1069 8
1070 8
1071 8
1072 6
1073 8
1074 6
1075 8
1076 6
1077 8
1078 8
1079 8
1080 8
1081 8
1082 6
1083 6
1084 8
1085 8
1086 8
1087 6
1088 8
1089 8
1090 8
1091 6
1092 8
1093 8
1094 8
1095 8
1096 8
1097 6
1098 6
1099 6
1100 8
1101 8
1102 6
1103 8
1104 6
1105 8
1106 8
1107 8
1108 8
1109 8
1110 6
1111 8
1112 6
1113 6
1114 2
1115 8
1116 8
1117 8
1118 8
1119 8
1120 8
1121 8
1122 6
1123 6
1124 8
1125 6
1126 8
1127 2
1128 8
1129 8
1130 4
1131 6
1132 8
1133 8
1134 8
1135 4
1136 8
1137 6
1138 6
1139 8
1140 6
1141 4
1142 6
1143 6
1144 8
1145 8
1146 8
1147 8
1148 8
1149 8
1150 6
1151 8
1152 8
1153 8
1154 8
1155 8
1156 8
1157 6
1158 8
1159 2
1160 6
1161 8
1162 8
1163 8
1164 6
1165 4
1166 8
1167 6
1168 8
1169 8
1170 4
1171 8
1172 8
1173 8
1174 8
1175 8
1176 2
1177 8
1178 8
1179 8
1180 8
1181 6
1182 8
1183 2
1184 4
1185 8
1186 6
1187 8
1188 6
1189 8
1190 6
1191 8
1192 4
1193 4
1194 8
1195 8
1196 8
1197 8
1198 6
1199 8
1200 6
1201 2
1202 8
1203 2
1204 8
1205 8
1206 6
1207 8
1208 2
1209 6
1210 8
1211 8
1212 8
1213 8
1214 8
1215 2
1216 6
1217 8
1218 8
1219 6
1220 8
1221 8
1222 4
1223 8
1224 8
1225 8
1226 6
1227 8
1228 8
1229 8
1230 6
1231 4
1232 8
1233 8
1234 8
1235 6
1236 8
1237 8
1238 8
1239 4
1240 8
1241 4
1242 4
1243 8
1244 6
1245 8
1246 8
1247 8
1248 4
1249 6
1250 6
1251 6
1252 6
1253 8
1254 6
1255 8
1256 4
1257 8
1258 8
1259 6
1260 8
1261 6
1262 6
1263 8
1264 4
1265 6
1266 8
1267 6
1268 8
1269 6
1270 6
1271 8
1272 6
1273 8
1274 2
1275 8
1276 6
1277 8
1278 4
1279 8
1280 8
1281 2
1282 8
1283 8
1284 2
1285 8
1286 8
1287 4
1288 8
1289 8
1290 6
1291 8
1292 2
1293 6
1294 6
1295 6
1296 6
1297 6
1298 8
1299 8
1300 6
1301 8
1302 8
1303 8
1304 8
1305 8
1306 8
1307 6
1308 8
1309 6
1310 4
1311 8
1312 8
1313 2
1314 4
1315 8
1316 2
1317 8
1318 8
1319 8
1320 8
1321 8
1322 4
1323 8
1324 6
1325 8
1326 2
1327 8
1328 8