instance	numCrates	adjNumCrates	numCratesLB	avFillRate	avWeight	runTime
0	1	1.7399096344756426	1.0	0.7399096344756426	12971.0	344
1	2	2.409691588716716	2.0	0.623414975533169	11399.0	312
2	2	2.552147129291905	2.0	0.6781322045466653	9647.0	236
3	2	2.3746341602964804	2.0	0.5732576475203371	11452.5	150
4	2	2.536333993886179	2.0	0.6772161290601046	8540.5	117
5	1	1.5784143146614467	1.0	0.5784143146614465	10062.0	64
6	2	2.6184389747543815	2.0	0.7058564623061797	10158.5	90
7	3	3.4396076788488226	3.0	0.6754366686465106	12369.333333333334	825
8	2	2.725097566554839	2.0	0.7525789997948484	10776.5	559
9	1	1.711426006294214	1.0	0.7114260062942138	7071.0	23
10	1	1.3139637218209046	1.0	0.31396372182090465	5465.0	14
11	2	2.173194446181183	2.0	0.4678593584799864	8917.0	263
12	2	2.272854813008151	2.0	0.5386875991834299	8316.5	348
13	1	1.726786906371662	1.0	0.7267869063716621	11063.0	117
14	3	3.049402273813265	2.0	0.5942058196054876	9873.666666666666	18480
15	2	2.6978788534555505	2.0	0.7505222572098167	7832.0	383
16	2	2.623915452333383	2.0	0.7037851311173825	11117.0	325
17	1	1.7162724292949822	1.0	0.7162724292949824	10901.0	27
18	1	1.827400258649909	1.0	0.8274002586499088	12689.0	260
19	1	1.2762322626892553	1.0	0.27623226268925527	4034.0	4
20	1	1.563458661169781	1.0	0.5634586611697809	7712.0	58
21	2	2.3759571336939964	2.0	0.5941103995835654	8555.5	98
22	2	2.866287485964021	2.0	0.8784778644871544	15377.0	23035
23	1	1.3929482675355416	1.0	0.3929482675355416	9080.0	13
24	2	2.378818846052603	2.0	0.5856765466704468	10831.5	108
25	2	2.421197134219687	2.0	0.6022053208521394	11929.0	290
26	2	2.068358302394902	1.0	0.4605192750304396	4535.5	635
27	2	2.2149779384095796	2.0	0.49715890073492625	8696.5	485
28	2	2.0381257500290464	1.0	0.457309030564389	5971.5	4585
29	2	2.197333062014913	2.0	0.5044185817312461	9873.5	47
30	2	2.2782201848741668	2.0	0.538011899699739	11022.0	368
31	1	1.180044325211934	1.0	0.18004432521193392	1527.0	0
32	2	2.727271462119523	2.0	0.7789012141522075	15052.0	1100
33	2	2.642439471472993	2.0	0.7191623394544655	9708.5	402
34	1	1.3933510086624419	1.0	0.3933510086624419	8427.0	18
35	1	1.8165453124880067	1.0	0.8165453124880065	10638.0	1045
36	1	1.531968664544634	1.0	0.5319686645446341	9120.0	32
37	3	3.7447724568436414	3.0	0.8160018177180115	14760.666666666666	12172
38	2	2.4716373740941426	2.0	0.6362558964551241	11662.0	111
39	1	1.4425616148712013	1.0	0.4425616148712013	10252.0	10
40	1	1.5105229842484307	1.0	0.5105229842484306	10332.0	72
41	2	2.752448385667928	2.0	0.7669495147529732	11633.0	2571
42	2	2.1925871534691277	2.0	0.48806024708425516	10016.0	79
43	2	2.3859952091526324	2.0	0.5998255790633652	10028.0	334
44	2	2.5826679688675322	2.0	0.6803880513937036	14926.5	404
45	4	4.395932997925275	3.0	0.7155820671826044	11526.0	40964
46	2	2.7509692310744414	2.0	0.7760343200490942	16699.0	218
47	3	3.58389373046041	3.0	0.7299467987064756	16163.0	1980
48	3	3.5756643913227943	3.0	0.7299648759719273	8635.0	949
49	2	2.270738520220864	2.0	0.5303986301244122	9427.5	154
50	2	2.472516767384975	2.0	0.6369880029290181	8559.0	451
51	2	2.5552380683613545	2.0	0.6710680404507703	9217.0	76
52	2	2.82234096275173	2.0	0.8391070038895883	13200.0	7829
53	2	2.28667567584127	2.0	0.5355795546628833	7927.5	120
54	3	3.33706020342094	3.0	0.658570162403617	12916.333333333334	743
55	3	3.403822710722929	3.0	0.6756757653468903	12469.666666666666	353
56	2	2.132844691409804	1.0	0.492607415798417	8468.0	3652
57	1	1.4947108282493586	1.0	0.4947108282493587	10366.0	48
58	1	1.6283672883370683	1.0	0.6283672883370685	10535.0	42
59	2	2.5042229395578772	2.0	0.6591804694104767	10647.0	146
60	3	3.0128789697316196	2.0	0.5785168790373335	8939.333333333334	12054
61	2	2.351974653502439	2.0	0.5729392834155272	8729.0	183
62	2	2.0764760119508567	2.0	0.4226196426655322	8649.5	382
63	2	2.142370878841862	1.0	0.49999486380929103	6910.5	453
64	1	1.5064248962620443	1.0	0.5064248962620443	7928.0	13
65	1	1.6331352904748169	1.0	0.633135290474817	10245.0	47
66	1	1.5917739680681087	1.0	0.5917739680681088	12345.0	62
67	2	2.035233493848973	2.0	0.3998478002059624	8627.5	46
68	3	3.039743524829428	2.0	0.5960122402751163	10639.0	2222
69	1	1.3650779073578334	1.0	0.36507790735783346	9061.0	31
70	1	1.4987416788301	1.0	0.4987416788301001	8802.0	59
71	2	2.7197939200849266	2.0	0.7393890684505716	16196.5	479
72	3	3.327754929131615	3.0	0.6349291231116366	11690.333333333334	285
73	1	1.2881928906328706	1.0	0.2881928906328705	5792.0	8
74	1	1.8006800863144252	1.0	0.8006800863144251	13956.0	1996
75	2	2.5300873154698214	2.0	0.6920844103674704	10915.0	210
76	2	2.109277821293043	1.0	0.4852737212690204	6269.5	2627
77	2	2.100891822644579	2.0	0.41170602321198324	9815.5	56
78	2	2.0203443261252874	1.0	0.43661934970905814	6264.0	2344
79	3	3.4196174423943186	3.0	0.67660379490924	11952.333333333334	628
80	2	2.8353459115113377	2.0	0.8374477865216015	12299.5	696
81	2	2.8403417965228925	2.0	0.8550150050793623	14745.0	4303
82	3	3.010587385930158	2.0	0.5720072109536172	8980.666666666666	37381
83	2	2.711000624929776	2.0	0.7538632296872825	14743.5	375
84	1	1.802556720571159	1.0	0.802556720571159	10786.0	506
85	1	1.1098752593520067	1.0	0.10987525935200679	2443.0	0
86	2	2.0295467854928373	1.0	0.4505766120014259	5948.0	1221
87	3	3.0246140835989177	2.0	0.5860142217894004	10612.0	18551
88	3	3.105903013732215	2.0	0.6267733078037703	9333.0	19081
89	4	4.72027628925049	4.0	0.7902610444442668	11225.0	629
90	2	2.0111707023117846	1.0	0.44064247892106195	4347.5	5370
91	3	3.0622067858622786	2.0	0.565325000268198	9266.333333333334	4173
92	2	2.4211111514262225	2.0	0.6079350661588055	8296.5	280
93	2	2.579847869903273	2.0	0.6851449725701223	8937.0	251
94	2	2.093956325250746	1.0	0.4636831685071654	5114.0	544
95	1	1.7827855978843723	1.0	0.7827855978843723	11078.0	84
96	2	2.489952734062645	2.0	0.6640659434044627	13328.0	102
97	1	1.2481143631739635	1.0	0.2481143631739636	4624.0	6
98	2	2.1936930174660323	2.0	0.4918034937621932	8579.0	69
99	2	2.5393707922668693	2.0	0.6707669184584513	8945.5	614
100	2	2.0694644624914926	2.0	0.39831280804474606	9241.5	160
101	1	1.440652045218613	1.0	0.440652045218613	9919.0	52
102	1	1.608541797192533	1.0	0.6085417971925331	11423.0	336
103	1	1.4145274660132794	1.0	0.41452746601327944	7120.0	51
104	2	2.3417642935802876	2.0	0.5600462033950198	7883.5	257
105	1	1.2864508222950217	1.0	0.2864508222950217	3028.0	6
106	2	2.144170413295714	1.0	0.47936603143945467	6061.5	2342
107	2	2.4157284007863224	2.0	0.6047728695610503	13078.0	161
108	1	1.3994878340952548	1.0	0.3994878340952548	3867.0	5
109	2	2.5852838046021773	2.0	0.6844059760843016	11208.0	391
110	1	1.693213962339263	1.0	0.6932139623392631	11291.0	25
111	2	2.0103595030563524	1.0	0.42023565298510734	6668.0	3958
112	1	1.562336124482859	1.0	0.5623361244828591	3948.0	12
113	2	2.273982360612838	2.0	0.5336980233728793	8481.0	170
114	1	1.6158346413536968	1.0	0.6158346413536967	7519.0	40
115	2	2.1346743141471443	1.0	0.49357194913745367	7998.5	1075
116	2	2.5251165533777877	2.0	0.6684469774178208	12810.0	503
117	1	1.6909227429681848	1.0	0.6909227429681848	12084.0	92
118	2	2.3017011177512603	2.0	0.547342274131686	6599.0	536
119	2	2.7713436910370146	2.0	0.7840934701978969	9199.5	1282
120	1	1.438420615207229	1.0	0.4384206152072289	10687.0	87
121	1	1.3114714507629612	1.0	0.3114714507629612	4676.0	13
122	1	1.2070608705563095	1.0	0.2070608705563096	2679.0	4
123	2	2.519755577453266	2.0	0.6686154809161133	9310.0	121
124	6	6.233770428856891	5.0	0.7628963959573768	12377.833333333334	502140
125	1	1.8433450445314568	1.0	0.8433450445314568	14833.0	1681
126	3	3.095645892836558	2.0	0.6288099269985964	9188.333333333334	7609
127	2	2.7393299168440475	2.0	0.7762054542792133	11585.0	1916
128	2	2.5688786520394333	2.0	0.6711295380778843	13769.0	271
129	1	1.782795915819588	1.0	0.7827959158195881	13669.0	4656
130	3	3.6206483567276	3.0	0.7400632646589331	12461.666666666666	1920
131	1	1.5985757422883171	1.0	0.5985757422883171	5669.0	86
132	1	1.2292423585724834	1.0	0.22924235857248337	3851.0	5
133	1	1.6016210136754094	1.0	0.6016210136754095	5860.0	54
134	1	1.330890579253666	1.0	0.33089057925366616	5584.0	38
135	2	2.3901449095919967	2.0	0.5938313711832096	5438.0	415
136	2	2.348519944580161	2.0	0.5618055821760561	7505.0	331
137	1	1.5494704336833163	1.0	0.5494704336833164	9571.0	64
138	2	2.799226168524954	2.0	0.8392052292662288	16269.0	2729
139	2	2.853244180906613	2.0	0.8746996097155592	14258.5	23261
140	1	1.5020435319836518	1.0	0.5020435319836517	8970.0	64
141	2	2.0957231065239346	1.0	0.4929769368182262	8000.5	10434
142	2	2.641965916967316	2.0	0.738063361825184	15554.0	354
143	1	1.6525346713941487	1.0	0.6525346713941487	7185.0	34
144	2	2.5914701014594685	2.0	0.7073528817890562	12179.0	975
145	3	3.8106844064088454	3.0	0.8236775339579078	15181.666666666666	11661
146	1	1.473968635253542	1.0	0.47396863525354205	5713.0	21
147	1	1.222752422875541	1.0	0.22275242287554112	2292.0	6
148	2	2.3111979002067984	2.0	0.5680234136499176	9896.0	70
149	2	2.2084513546822575	2.0	0.4973183731927926	9664.0	548
150	4	4.249506669451826	3.0	0.7016397807012839	10614.0	14315
151	1	1.6770604034021126	1.0	0.6770604034021125	10096.0	141
152	3	3.161063014272483	3.0	0.5762502511248011	11586.666666666666	529
153	1	1.5188550927540239	1.0	0.5188550927540239	9751.0	17
154	2	2.7721738178954585	2.0	0.8054450249592675	12393.5	2393
155	2	2.592217684836186	2.0	0.7035650265545615	13730.0	372
156	1	1.4656817388923271	1.0	0.46568173889232706	6314.0	26
157	2	2.5622638306056515	2.0	0.6912232499842327	10807.0	353
158	3	3.4892323690801503	3.0	0.6866612079550688	10089.0	634
159	2	2.284384684239181	2.0	0.5422859733957165	6622.5	305
160	1	1.5216572435219253	1.0	0.5216572435219253	6410.0	31
161	4	4.7159211411827675	4.0	0.7939312456073326	12212.0	18189
162	3	3.192890723978082	2.0	0.6563762307601732	9559.666666666666	25156
163	2	2.2970783183441976	2.0	0.5282512013162861	7876.0	104
164	2	2.3230963699932303	2.0	0.5713929369701937	9097.0	133
165	1	1.7455588748330368	1.0	0.7455588748330368	12191.0	182
166	2	2.283376282592803	2.0	0.534767717654281	7947.0	141
167	1	1.6584544785339457	1.0	0.6584544785339458	9501.0	85
168	2	2.7091242184420317	2.0	0.7569388740690997	12007.0	1413
169	2	2.8239264171325282	2.0	0.8362033250947012	10915.0	28264
170	1	1.3660092775320265	1.0	0.36600927753202644	7735.0	19
171	3	3.170944043012989	3.0	0.593186796331908	11413.0	3137
172	2	2.7886547719778454	2.0	0.8030101972404283	11651.0	1882
173	2	2.8507133257818804	2.0	0.8536238490348961	12771.0	20204
174	3	3.2035719051780385	2.0	0.6499500020495413	10196.666666666666	10685
175	2	2.2648769308347347	2.0	0.5257257898703979	8388.5	117
176	2	2.446591987137065	2.0	0.6363053451027036	9349.0	664
177	4	4.684942622600018	4.0	0.7567680587155655	13150.5	1338
178	1	1.567849204538443	1.0	0.5678492045384429	8991.0	90
179	2	2.7197973138428675	2.0	0.7591021328219828	15233.0	354
180	1	1.861428239569154	1.0	0.861428239569154	12221.0	5276
181	1	1.7843351330955561	1.0	0.7843351330955561	15814.0	826
182	2	2.341775067053482	2.0	0.567072603392487	10640.5	125
183	2	2.702058437186312	2.0	0.7572662919912346	9521.5	504
184	1	1.831382685543523	1.0	0.8313826855435228	11829.0	671
185	2	2.4376689319887035	2.0	0.6267791121168479	11777.5	1646
186	3	3.0295467854928373	3.0	0.4924951978135331	11657.333333333334	817
187	1	1.3560697349381663	1.0	0.3560697349381663	5564.0	27
188	3	3.07155879834821	2.0	0.575501058180559	8773.666666666666	25793
189	1	1.770976777972133	1.0	0.770976777972133	12801.0	41
190	2	2.352437297873528	2.0	0.57755376925448	10963.5	142
191	2	2.187938752827667	2.0	0.5125816970352199	8511.5	410
192	2	2.121801129747853	2.0	0.44763104648940455	9479.5	162
193	1	1.3600963490157065	1.0	0.3600963490157066	3784.0	6
194	3	3.3987830029578308	3.0	0.6454153720182411	14602.0	423
195	1	1.613594465013123	1.0	0.613594465013123	9035.0	40
196	2	2.495893769272246	2.0	0.6579876546019028	11538.0	29
197	2	2.748033288802218	2.0	0.7973303561193202	11647.0	1229
198	1	1.7237340275003268	1.0	0.7237340275003267	13481.0	145
199	2	2.7671222661429162	2.0	0.782377253640335	13902.0	2336
200	2	2.629672472976519	2.0	0.7152184852391915	13852.5	337
201	1	1.6302487285194767	1.0	0.6302487285194768	12316.0	59
202	1	1.0982687438560739	1.0	0.09826874385607387	1809.0	0
203	3	3.7751749932062206	3.0	0.7782437399838112	12890.666666666666	5199
204	1	1.3638428755670906	1.0	0.36384287556709066	6651.0	17
205	2	2.350701720951875	2.0	0.5773640832401815	9423.5	665
206	2	2.3661881217424336	2.0	0.5992153859410001	7940.0	132
207	2	2.3072338998244195	2.0	0.5427152040560738	9388.0	647
208	2	2.822628908308017	2.0	0.8548357053309765	12735.5	4203
209	2	2.1104559336133573	1.0	0.4936784539168556	5851.5	7129
210	2	2.02838791965212	1.0	0.43958744157412244	8418.0	4683
211	2	2.519085002771835	2.0	0.6670995985731002	13218.5	752
212	1	1.6214075107689747	1.0	0.6214075107689747	10715.0	17
213	1	1.7038414128346413	1.0	0.7038414128346413	12005.0	39
214	2	2.2193373913112007	2.0	0.49996889814450957	9576.5	479
215	2	2.1296667901402357	1.0	0.4842667317903761	6688.5	1085
216	2	2.0834899985384063	1.0	0.4753441891222405	7562.5	12503
217	2	2.201159694919838	2.0	0.5020174979881734	8044.0	138
218	2	2.5532327901794574	2.0	0.6864752573521951	12994.0	139
219	1	1.7978547031096137	1.0	0.7978547031096138	14217.0	1767
220	2	2.396194886709185	2.0	0.5960221444300016	8331.0	419
221	1	1.6727970234601832	1.0	0.6727970234601831	13427.0	86
222	2	2.381960053737993	2.0	0.5928773721599285	9529.0	555
223	1	1.724489263915085	1.0	0.7244892639150852	11873.0	98
224	2	2.051111907847036	1.0	0.4507844170388241	5768.0	1267
225	1	1.487645593639214	1.0	0.4876455936392139	9840.0	34
226	1	1.6275958803240687	1.0	0.6275958803240688	9228.0	61
227	1	1.4466463783717127	1.0	0.4466463783717127	10953.0	29
228	1	1.6995499489763297	1.0	0.6995499489763298	12303.0	293
229	3	3.0246140835989177	2.0	0.5793448344980794	10295.333333333334	13583
230	1	1.5596287028376121	1.0	0.5596287028376121	7269.0	54
231	2	2.052877208621794	1.0	0.46091577528703276	4967.5	753
232	2	2.5189897270036057	2.0	0.668915076856204	12854.5	223
233	3	3.0189850007970778	2.0	0.592479771019887	10244.333333333334	11095
234	5	5.055562787220966	4.0	0.6759070996801144	10741.2	34267
235	2	2.2848527722891143	2.0	0.5397824277728022	6727.0	216
236	2	2.358271213327456	2.0	0.5950682479027658	6391.5	35
237	1	1.378750014264033	1.0	0.37875001426403293	7276.0	19
238	2	2.078447466437841	1.0	0.4565792245572871	6230.0	480
239	2	2.024268968026313	1.0	0.4152603582901865	4897.0	499
240	2	2.151439615035787	2.0	0.505743878372453	10012.0	24
241	1	1.2908685385041085	1.0	0.2908685385041085	3238.0	1
242	2	2.269875526297262	2.0	0.5547328881315114	11070.0	248
243	2	2.0666832892475067	1.0	0.4651465273212433	5847.0	866
244	4	4.391400053384496	3.0	0.7365981979418658	10796.25	31307
245	3	3.4221280944096995	3.0	0.6711563730609751	11388.666666666666	81
246	3	3.307241484531764	3.0	0.6326995228444666	12532.666666666666	268
247	1	1.407893398099901	1.0	0.407893398099901	6257.0	31
248	3	3.3914415073405504	3.0	0.6795717690936599	12864.0	584
249	2	2.335852230586127	2.0	0.5768405334413504	10378.5	117
250	3	3.560732425806017	3.0	0.7107203096346305	15488.0	423
251	2	2.420610925171897	2.0	0.6178588926924032	11238.5	279
252	2	2.3795187801567566	2.0	0.5882858454350983	8798.5	169
253	1	1.770050441492604	1.0	0.7700504414926039	12507.0	237
254	1	1.4902261479574144	1.0	0.49022614795741437	12842.0	43
255	1	1.2723903009313497	1.0	0.2723903009313497	6842.0	9
256	4	4.36561264061404	3.0	0.7382408906696779	11215.5	22821
257	2	2.441691218455447	2.0	0.6398417319845492	11665.5	119
258	3	3.055675942854856	2.0	0.6053644501608387	8764.0	36933
259	2	2.0717829913643895	1.0	0.4904193985563956	6378.5	2168
260	1	1.387820117071894	1.0	0.3878201170718939	8076.0	13
261	2	2.7050248321724064	2.0	0.7388798680980672	12289.0	235
262	1	1.3568426462264953	1.0	0.35684264622649536	5717.0	8
263	1	1.559372690493626	1.0	0.5593726904936261	9306.0	29
264	2	2.0551905671386335	1.0	0.4550434465930577	7771.5	3723
265	1	1.6661821336957048	1.0	0.6661821336957047	10676.0	90
266	4	4.869767613905506	4.0	0.8846467711821118	13191.0	275486
267	1	1.6025547982008892	1.0	0.6025547982008892	10048.0	27
268	2	2.8275796267289914	2.0	0.837308710776728	11138.5	7230
269	2	2.608716883214617	2.0	0.7123266048779507	14243.0	142
270	2	2.5433230853231974	2.0	0.664496107917676	12783.5	531
271	1	1.7348623420032006	1.0	0.7348623420032004	11528.0	99
272	2	2.207591207871022	2.0	0.5002146153301786	9021.5	146
273	2	2.5889915420946816	2.0	0.6913627812670848	14903.5	187
274	2	2.0201118423178976	1.0	0.4449346830285887	6673.5	2755
275	3	3.2149792594697177	2.0	0.6443046565418644	10480.333333333334	12929
276	3	3.7593867073972285	3.0	0.7980581539631664	13672.0	16340
277	2	2.289772946888622	2.0	0.543715736283871	9786.0	54
278	2	2.3585631448410562	2.0	0.5680766090973713	8799.0	233
279	2	2.5443247222305927	2.0	0.6604543244254476	10533.5	327
280	2	2.510021049726685	2.0	0.6750029433447644	13163.0	452
281	3	3.696513378364629	3.0	0.7592240347850623	11403.0	2118
282	1	1.4933369257058327	1.0	0.49333692570583276	8771.0	70
283	1	1.6274190404807674	1.0	0.6274190404807675	9490.0	40
284	2	2.667620084879025	2.0	0.7409583398446793	13617.5	228
285	1	1.5640421825434978	1.0	0.5640421825434977	11489.0	34
286	1	1.836624447179039	1.0	0.8366244471790389	10211.0	25
287	1	1.4794642454276457	1.0	0.4794642454276457	9184.0	16
288	1	1.1080997089727294	1.0	0.10809970897272929	2656.0	0
289	2	2.279661028723651	2.0	0.5320505930500894	8748.0	82
290	2	2.553702062628136	2.0	0.6765367055534385	11120.5	132
291	1	1.6239699118987272	1.0	0.6239699118987272	10489.0	64
292	1	1.6399798169343192	1.0	0.6399798169343192	10147.0	59
293	2	2.391776464416232	2.0	0.610141088539432	10980.5	631
294	2	2.528814633465146	2.0	0.6711668921921314	10874.0	460
295	2	2.419114961226999	2.0	0.5975092709381142	10618.5	110
296	2	2.763444685264597	2.0	0.7886772983308884	10070.0	948
297	3	3.587723688792579	3.0	0.7272139960035198	12050.333333333334	879
298	2	2.546776974277114	2.0	0.6791353105640419	10383.0	404
299	2	2.3576072439467146	2.0	0.5838917830355516	11251.5	215
300	2	2.743513873739404	2.0	0.80387830457784	14347.0	1282
301	3	3.7631212760766735	3.0	0.8096897923786204	13358.333333333334	11261
302	1	1.8334582987893189	1.0	0.833458298789319	16695.0	1763
303	2	2.616338261365963	2.0	0.7271470546975611	11411.0	137
304	2	2.7918456560798046	2.0	0.8120575459262571	14275.5	2279
305	3	3.5264124450424745	3.0	0.7188489369174728	11465.333333333334	752
306	2	2.6135781795303874	2.0	0.6995673846924616	14886.5	987
307	1	1.336550501976659	1.0	0.33655050197665903	6481.0	13
308	1	1.7119053689091184	1.0	0.7119053689091184	9721.0	39
309	1	1.5886624159051266	1.0	0.5886624159051267	11401.0	144
310	2	2.510873634607475	2.0	0.651132764653387	13954.0	264
311	2	2.296308254168235	2.0	0.550609916383043	8133.0	260
312	2	2.4486728390696157	2.0	0.6182326502154136	9715.5	56
313	1	1.4648431618043796	1.0	0.46484316180437957	11164.0	23
314	2	2.334521490266076	2.0	0.5710938421218795	10653.5	408
315	2	2.756489690845279	2.0	0.7860213638656752	8217.5	1160
316	4	4.543254481303617	4.0	0.7418739370163624	12815.25	653
317	3	3.100891822644579	3.0	0.48049296406787034	12707.0	144
318	2	2.2097236722565503	2.0	0.5011173777193141	7784.0	139
319	2	2.106939317079784	1.0	0.43792389659533876	6961.0	111
320	1	1.482087187554757	1.0	0.4820871875547571	11907.0	6
321	2	2.6374111521573607	2.0	0.7169471493720193	7801.0	105
322	1	1.6330965469697352	1.0	0.6330965469697352	11045.0	141
323	1	1.7522050145028487	1.0	0.7522050145028487	11661.0	39
324	1	1.6273509603298624	1.0	0.6273509603298624	6525.0	20
325	3	3.7432543081991847	3.0	0.766869503303178	15384.333333333334	6304
326	2	2.8100096863318083	2.0	0.8304790462437784	14529.5	6902
327	2	2.5558890549097053	2.0	0.6744244670541609	11577.0	146
328	3	3.500278367870287	3.0	0.7005126981249502	12151.0	2457
329	6	6.046948108507233	5.0	0.7009054971354671	12127.166666666666	118236
330	2	2.5785033495593686	2.0	0.6971588415149891	12399.5	147
331	1	1.6819339536895082	1.0	0.681933953689508	15341.0	85
332	1	1.625524093597293	1.0	0.625524093597293	7127.0	5
333	2	2.629958277504307	2.0	0.707778752856821	13459.5	762
334	1	1.862883455641864	1.0	0.8628834556418641	15267.0	3580
335	2	2.8021596736689913	2.0	0.8161516251784314	16022.5	2339
336	3	3.5553134371199175	3.0	0.7113238670871069	10423.0	1990
337	1	1.4286191006208915	1.0	0.4286191006208914	6389.0	65
338	2	2.498215805787578	2.0	0.652999764281873	8175.5	145
339	2	2.709942341874739	2.0	0.7421763231265721	12987.5	180
340	1	1.834523278252642	1.0	0.8345232782526419	15448.0	1431
341	1	1.4102665004226367	1.0	0.41026650042263674	6296.0	23
342	2	2.1761189088963446	2.0	0.47961654316234875	8814.5	111
343	2	2.365199148790844	2.0	0.5770919448517523	6864.0	116
344	2	2.4254026836152303	2.0	0.6252083032820623	11551.5	485
345	2	2.744182284615437	2.0	0.7608818741506637	12940.5	645
346	1	1.6911103790615796	1.0	0.6911103790615795	8181.0	162
347	2	2.2944336470555062	2.0	0.5352748111436343	10857.0	652
348	1	1.581055068323522	1.0	0.581055068323522	10271.0	117
349	3	3.3331201643362367	3.0	0.6413752816088332	12152.666666666666	2646
350	3	3.077155651838063	2.0	0.6087536906832894	10398.666666666666	20513
351	2	2.2537173436496287	2.0	0.5318824767590787	8972.0	274
352	2	2.322675134024398	2.0	0.5524290161930768	6964.5	121
353	2	2.2322910237175164	2.0	0.5015537375490366	9428.0	59
354	1	1.6324206880477516	1.0	0.6324206880477516	10237.0	134
355	4	4.079244111254856	3.0	0.6666110511737016	10371.5	111424
356	2	2.236784632553842	2.0	0.5187499204232093	8434.5	180
357	2	2.1209579517263215	1.0	0.49116892935797185	8277.5	8331
358	4	4.761626473753621	4.0	0.7908833719595374	15058.25	47701
359	3	3.103692014599172	2.0	0.6125071565965479	9664.333333333334	4791
360	2	2.8181232277152586	2.0	0.822492281079779	16270.5	334
361	2	2.2925214352826417	2.0	0.5546524742898351	11484.5	234
362	1	1.5329296219105386	1.0	0.5329296219105386	5717.0	41
363	2	2.080043466522844	1.0	0.4642958784768623	6436.5	1374
364	3	3.0309487036220486	2.0	0.5930169717734775	9955.0	12676
365	2	2.3952803486633023	2.0	0.5964462616765488	9985.0	212
366	3	3.7312678740290806	3.0	0.7629958209173611	15731.0	457
367	1	1.7615369149870241	1.0	0.7615369149870241	13906.0	56
368	2	2.3649759807351165	2.0	0.5974408035799272	9427.5	214
369	3	3.111370107228857	2.0	0.6307078652481305	10983.0	84336
370	2	2.3552640704691745	2.0	0.5816109157650374	10018.5	151
371	2	2.350358063100802	2.0	0.5689758866209703	12690.0	623
372	1	1.292827625134973	1.0	0.29282762513497307	6592.0	43
373	4	4.115025093423437	3.0	0.6454266332966876	10690.5	54219
374	2	2.5010511424972224	2.0	0.6620638881537645	9435.5	222
375	2	2.1422771291258615	2.0	0.46181906154484365	9264.5	68
376	1	1.5893846030395362	1.0	0.5893846030395362	11964.0	42
377	2	2.4037843772020278	2.0	0.6004521146107134	8167.0	371
378	2	2.439369523593599	2.0	0.649775102038799	11907.0	222
379	1	1.7634969354707448	1.0	0.7634969354707448	12662.0	29
380	5	5.124316223258526	4.0	0.6907316857845707	12603.0	152488
381	4	4.134077468287553	3.0	0.6972668040159226	11708.5	24103
382	1	1.852580439294861	1.0	0.8525804392948609	14430.0	4170
383	1	1.5402315312774768	1.0	0.5402315312774768	10102.0	20
384	3	3.5601752573043637	3.0	0.7282618927926444	7456.333333333333	557
385	2	2.061781040067458	1.0	0.4668839150063617	7852.0	3951
386	2	2.8144767828577777	2.0	0.8414492321258229	12058.5	6237
387	2	2.468749354417271	2.0	0.63661845913231	10500.0	143
388	1	1.8185786518093865	1.0	0.8185786518093866	10768.0	422
389	2	2.8701439793834442	2.0	0.8725566451796235	12707.0	15915
390	4	4.105988335995611	3.0	0.6784018146993132	10257.5	165564
391	1	1.6259474933715237	1.0	0.6259474933715238	7937.0	101
392	2	2.3646883085016164	2.0	0.5815612507369181	12013.0	248
393	2	2.256659731784249	2.0	0.5140054468220566	5111.5	144
394	2	2.7912282426804786	2.0	0.8029738453097343	14499.5	13591
395	2	2.0611628978073657	1.0	0.4677142126915477	8465.0	5458
396	3	3.455937553760599	3.0	0.6848755218557669	12531.0	762
397	3	3.4249216582867037	3.0	0.6796843553050764	11870.0	344
398	1	1.746524524240121	1.0	0.7465245242401211	13841.0	155
399	2	2.7802971533454492	2.0	0.8247714970251206	12373.5	7566
400	2	2.0569342298594075	1.0	0.46135162263652946	7376.0	2545
401	4	4.026182956397294	3.0	0.6276528225713967	8985.75	12810
402	2	2.8024074179986656	2.0	0.8261486566651937	11630.0	1055
403	2	2.83731271951094	2.0	0.8381484722634199	14136.5	13674
404	1	1.686893008455491	1.0	0.686893008455491	11205.0	62
405	2	2.1999977541977653	2.0	0.48741300733577864	11825.0	62
406	2	2.525059542799763	2.0	0.6672371482657453	8723.0	245
407	6	6.6449786173889365	5.0	0.7901524517824627	13480.0	73199
408	2	2.4620111277450802	2.0	0.6168659110066016	9922.0	85
409	1	1.3624300245263925	1.0	0.36243002452639256	6253.0	33
410	2	2.457044306056562	2.0	0.6206560439309894	9947.0	220
411	2	2.2592617191643436	2.0	0.5291122592034786	9537.5	86
412	2	2.2984823547250097	2.0	0.5512967879356597	7870.0	191
413	2	2.308722096846782	2.0	0.5452374153476621	11387.5	122
414	2	2.286206312284996	2.0	0.5272176995272859	8198.5	115
415	2	2.0459008039174806	1.0	0.456694361781384	7186.5	807
416	1	1.547817195251299	1.0	0.547817195251299	11105.0	33
417	2	2.6623466405770957	2.0	0.7209075737812657	9348.5	408
418	2	2.4057949396244767	2.0	0.5952300891581209	10439.5	122
419	1	1.7719558201957888	1.0	0.7719558201957889	13164.0	41
420	2	2.5311047823219743	2.0	0.6806450545327931	10519.0	496
421	1	1.3727627647265008	1.0	0.37276276472650083	3553.0	7
422	3	3.093917217315281	2.0	0.6246678036742767	7029.0	11596
423	2	2.102427053963234	1.0	0.4745714600491029	7152.0	23532
424	2	2.822143236492109	2.0	0.8384827574205828	16633.0	8060
425	1	1.7716353947816257	1.0	0.7716353947816257	14307.0	186
426	2	2.4776262180146	2.0	0.6505160459494782	9962.5	358
427	3	3.108113010681705	2.0	0.5826385335218137	9715.333333333334	9051
428	4	4.138933844793154	3.0	0.6790883787637942	10433.25	68295
429	2	2.2462349501355603	2.0	0.5136729040976621	5887.5	199
430	1	1.3580550833334986	1.0	0.35805508333349845	5688.0	5
431	2	2.244625625564682	2.0	0.5268583597812989	7623.5	127
432	2	2.21789966789687	2.0	0.5007184744998836	6794.0	211
433	3	3.317731362557598	3.0	0.624702211976262	12519.0	799
434	3	3.38399027262422	3.0	0.6697082633807315	12671.666666666666	967
435	2	2.077869047089485	1.0	0.47483153806954803	6713.5	2788
436	1	1.7293249134426594	1.0	0.7293249134426593	13922.0	173
437	2	2.274188081563984	2.0	0.5562225542638548	10877.5	83
438	2	2.673034859838822	2.0	0.7388237002653031	9907.5	232
439	3	3.037566850483074	3.0	0.4760820125977661	11392.0	114
440	2	2.513028875891935	2.0	0.6594946653427822	12277.0	196
441	1	1.5206303925874132	1.0	0.5206303925874132	11370.0	24
442	1	1.760162784674509	1.0	0.7601627846745089	10860.0	1006
443	3	3.513493570183928	3.0	0.6973997186096352	10907.333333333334	2493
444	2	2.661476335268937	2.0	0.7264920594149986	15485.5	56
445	2	2.663980245322234	2.0	0.7309922849404633	12740.0	213
446	2	2.1099414945740986	1.0	0.4968316536395332	8124.5	5392
447	3	3.0711526634633692	2.0	0.6077918298337274	10339.666666666666	29958
448	3	3.0093122895741957	2.0	0.5839324891500913	10084.333333333334	30105
449	2	2.85519980544884	2.0	0.8702224116349138	13559.5	14332
450	1	1.7397588741816175	1.0	0.7397588741816175	14451.0	89
451	2	2.2464679350347265	2.0	0.5303479629127399	8066.0	80
452	2	2.639920642550896	2.0	0.7241033435280455	14239.5	547
453	3	3.0415177313716684	2.0	0.5849471468513758	8964.333333333334	16515
454	2	2.820810605689446	2.0	0.8417949171209007	12877.5	20391
455	1	1.2864042890905054	1.0	0.28640428909050547	3398.0	8
456	1	1.534758743556102	1.0	0.5347587435561021	7773.0	12
457	2	2.5790039630209756	2.0	0.7112155249711912	11513.0	345
458	3	3.7357481356026323	3.0	0.804471900933184	11726.0	7511
459	5	5.1308170918669544	4.0	0.6808693523227073	11627.4	89944
460	2	2.7569417895121626	2.0	0.7844262634681797	10149.5	2926
461	2	2.0556251731471384	2.0	0.39000328283444297	9211.5	125
462	1	1.5114810489481707	1.0	0.5114810489481708	7831.0	20
463	2	2.4872362472116234	2.0	0.6703983085145993	13027.0	271
464	3	3.407681618493639	3.0	0.6724392135625743	11169.333333333334	907
465	2	2.098900392817232	1.0	0.49509100885786766	8008.5	2900
466	3	3.6536493728278385	3.0	0.7531266741257974	11012.0	163
467	3	3.8172683423676763	3.0	0.8445757714883015	14494.666666666666	12524
468	1	1.4278278311520238	1.0	0.4278278311520239	10835.0	6
469	3	3.5068515531328224	3.0	0.7097963191756913	11312.0	275
470	1	1.8552103511530453	1.0	0.8552103511530452	16033.0	492
471	2	2.568458737130739	2.0	0.6871557399846616	11853.0	58
472	2	2.0178366806605657	1.0	0.42194975129106865	7554.5	223
473	2	2.2515510783460866	2.0	0.5279319716893168	12207.0	209
474	2	2.222239897095793	2.0	0.5053098531748708	8114.0	151
475	2	2.6157213262815144	2.0	0.7267151363631301	13138.5	634
476	1	1.5343479849607782	1.0	0.5343479849607781	11742.0	34
477	1	1.64496533845686	1.0	0.6449653384568601	10159.0	7
478	3	3.0622067858622786	2.0	0.594153493476343	9486.333333333334	27242
479	2	2.717609456039139	2.0	0.7503908914452314	13330.5	266
480	1	1.6698590312670563	1.0	0.6698590312670564	11766.0	97
481	3	3.595232731278397	3.0	0.7229726716920554	11727.333333333334	1175
482	1	1.6132489850101357	1.0	0.6132489850101356	9867.0	63
483	1	1.8046417178993148	1.0	0.8046417178993148	15916.0	2326
484	1	1.6154660427982943	1.0	0.6154660427982942	11962.0	61
485	1	1.5036860880500704	1.0	0.5036860880500703	10530.0	75
486	1	1.0444955831379246	1.0	0.04449558313792462	928.0	1
487	2	2.47645186388261	2.0	0.6401349503929391	10793.0	799
488	3	3.6429427498317755	3.0	0.7385929323176325	11232.333333333334	830
489	2	2.375927546502285	2.0	0.5814334723339144	11715.0	512
490	1	1.3941713642312445	1.0	0.3941713642312445	6039.0	74
491	2	2.404246042166463	2.0	0.5992005809566949	8169.0	121
492	1	1.6747847634299031	1.0	0.674784763429903	9802.0	186
493	3	3.024413191350345	2.0	0.5635554933594369	7495.0	3865
494	2	2.2210608281457236	2.0	0.5048173482892829	7241.5	443
495	1	1.7781529360800725	1.0	0.7781529360800724	14466.0	403
496	2	2.158212508148151	2.0	0.45170923885457437	8741.5	31
497	3	3.0556725718738145	2.0	0.6074298745405131	8512.0	31158
498	1	1.361950912457376	1.0	0.36195091245737615	6826.0	67
499	2	2.2949236920360097	2.0	0.5499103239323733	11271.5	75
500	2	2.5642737324980316	2.0	0.6936030714921532	8431.5	143
501	1	1.4156718913000743	1.0	0.4156718913000742	8530.0	69
502	2	2.498562356304815	2.0	0.6495768860758507	13164.0	316
503	2	2.4716387407080784	2.0	0.6341861027070048	8170.5	135
504	5	5.064356765683085	4.0	0.6795970438591739	8882.0	141713
505	1	1.7533007883335268	1.0	0.7533007883335266	7085.0	100
506	4	4.127445678064068	4.0	0.605380107380779	12972.25	4258
507	2	2.5688124851480385	2.0	0.6933555093776707	13047.5	355
508	2	2.026207692109533	1.0	0.4281162208578404	5786.5	1018
509	1	1.8311215483972774	1.0	0.8311215483972774	13245.0	3733
510	2	2.496008132081779	2.0	0.643670858959907	8754.5	249
511	2	2.1910363655285026	2.0	0.4912867770330415	10868.0	618
512	1	1.3994736668641197	1.0	0.3994736668641196	3720.0	7
513	2	2.4275487458094207	2.0	0.6090770201520663	12787.0	288
514	2	2.3101927556569675	2.0	0.551927070282882	7472.5	231
515	3	3.144679089779543	2.0	0.6530653427700455	10340.666666666666	61681
516	1	1.856855799885628	1.0	0.8568557998856281	12712.0	773
517	2	2.817176733680175	2.0	0.8447737027400131	14984.5	10360
518	2	2.220842739338458	2.0	0.5067476221429996	8444.5	334
519	1	1.7406680368793526	1.0	0.7406680368793526	12874.0	83
520	3	3.076213576521372	2.0	0.6206436646864203	9009.333333333334	4417
521	2	2.365319524701695	2.0	0.5842665085767665	12831.5	291
522	2	2.7142027152660093	2.0	0.7816755315496151	12056.5	535
523	2	2.353399826845459	2.0	0.5713169987891573	10789.0	376
524	2	2.7271131626719516	2.0	0.7532278453146997	9902.5	281
525	3	3.0362229223385415	3.0	0.5293623723306414	11450.0	1020
526	2	2.629315376755077	2.0	0.7088159672803469	15794.0	334
527	3	3.71031374198871	3.0	0.7668545312882806	12426.0	2510
528	2	2.4602657339799876	2.0	0.6275648467992752	8915.0	443
529	2	2.0593693992317306	1.0	0.4612961153338343	6328.0	2526
530	2	2.155122844585042	2.0	0.46691313776769033	8736.0	133
531	2	2.4181946378487877	2.0	0.6128413240730662	8627.5	147
532	2	2.412185385826888	2.0	0.6305011421134316	10795.0	741
533	1	1.5477280692457813	1.0	0.5477280692457814	6357.0	17
534	1	1.690874455942451	1.0	0.6908744559424508	11814.0	72
535	2	2.6509091752250296	2.0	0.7301160120847848	10755.0	299
536	1	1.702583421929776	1.0	0.702583421929776	7911.0	42
537	1	1.6521973910747765	1.0	0.6521973910747765	13589.0	21
538	2	2.211956673873961	2.0	0.5022616891216142	7193.0	332
539	4	4.680185006728182	4.0	0.75655657520899	11331.75	1451
540	2	2.1672647083134517	2.0	0.4711735225474103	10176.5	174
541	3	3.135874223959735	2.0	0.6432890725800234	8981.0	68781
542	3	3.302100077912938	3.0	0.6335516445949785	12373.0	656
543	1	1.821879912763566	1.0	0.821879912763566	15033.0	2095
544	2	2.4964487967454	2.0	0.6525728568652067	10269.0	1134
545	2	2.5799191388200287	2.0	0.6897000107028648	12070.5	147
546	2	2.7648497921596586	2.0	0.7871910145680362	13468.0	1618
547	2	2.5561836513204805	2.0	0.6815346177089979	10488.0	752
548	2	2.354840215156965	2.0	0.5757898578705563	12455.5	92
549	1	1.6704951900542029	1.0	0.6704951900542029	14030.0	26
550	4	4.066273305066746	3.0	0.6968587615657961	12166.5	61524
551	1	1.5224609264007105	1.0	0.5224609264007104	5311.0	35
552	3	3.790464373821025	3.0	0.8251000955498502	12378.333333333334	17158
553	2	2.6873588415924305	2.0	0.7670679660158646	11306.5	1009
554	2	2.6039298395893615	2.0	0.6950170499893484	10648.0	388
555	4	4.146912319165943	3.0	0.6578366152908657	11722.25	172316
556	3	3.727367648963709	3.0	0.7692615408212252	14571.333333333334	6535
557	2	2.72116873370441	2.0	0.7604635991786923	11545.0	1308
558	1	1.659529935370777	1.0	0.6595299353707771	10153.0	350
559	2	2.5095304808775065	2.0	0.6616366390836143	10327.0	1213
560	1	1.2309552724797004	1.0	0.23095527247970027	1287.0	3
561	2	2.24283504243211	2.0	0.540051867098708	5962.0	446
562	2	2.0334547091500474	1.0	0.44392122491064795	7226.0	15892
563	2	2.342656282496229	2.0	0.5673405394430634	7608.5	578
564	2	2.6972363171367033	2.0	0.741483837068369	9786.0	386
565	2	2.0557143902602517	1.0	0.45444482413534965	6499.5	30368
566	3	3.0788143339489245	2.0	0.6031220416841697	9537.0	19679
567	4	4.043908895775257	3.0	0.6539558701683051	11358.75	119893
568	1	1.4412637643932065	1.0	0.44126376439320647	8368.0	48
569	1	1.821367295876222	1.0	0.8213672958762219	9748.0	581
570	1	1.2579624337417163	1.0	0.2579624337417163	4587.0	11
571	3	3.1325013296584174	2.0	0.6452365126232346	9692.333333333334	82453
572	2	2.318642438514843	2.0	0.5549005830498919	8685.0	480
573	3	3.437876087884482	3.0	0.7045118280777802	9716.333333333334	5221
574	1	1.5491211954920052	1.0	0.5491211954920052	8216.0	194
575	2	2.258258875081305	2.0	0.4637881358458895	9207.5	21
576	2	2.7483504115660367	2.0	0.7805222346606867	11536.0	1455
577	3	3.200481193877579	2.0	0.6617898365058251	9748.666666666666	58040
578	1	1.7088365006547335	1.0	0.7088365006547334	9528.0	252
579	1	1.8107643988778914	1.0	0.8107643988778915	12174.0	1507
580	1	1.4478043331364727	1.0	0.4478043331364726	4085.0	98
581	3	3.578315166820399	3.0	0.7237970435873695	11531.0	2684
582	1	1.521447377175174	1.0	0.5214473771751739	10590.0	353
583	2	2.601022300110106	2.0	0.692691756377469	8729.0	219
584	1	1.5788720619992656	1.0	0.5788720619992656	6203.0	34
585	3	3.0391707997058046	2.0	0.6106749676619283	10882.666666666666	111212
586	1	1.572908090452441	1.0	0.572908090452441	9821.0	97
587	1	1.8547879080085696	1.0	0.8547879080085695	14782.0	4765
588	2	2.273314223059592	2.0	0.5439547342843554	10776.5	938
589	2	2.4996643026751033	2.0	0.6668563185156168	11408.5	1352
590	4	4.721194221054314	4.0	0.7773654760475511	12834.75	1654
591	1	1.8051305557041748	1.0	0.8051305557041748	15153.0	5109
592	2	2.480850219727605	2.0	0.6373434136599395	9900.5	561
593	1	1.4988213068687632	1.0	0.49882130686876336	9431.0	64
594	2	2.093227350600455	1.0	0.4908334711905141	6983.5	7221
595	1	1.4537321577446933	1.0	0.45373215774469344	4062.0	79
596	2	2.17368547056834	2.0	0.469606096082116	9512.5	747
597	2	2.0622067858622786	1.0	0.4548582134625002	5676.5	4170
598	4	4.665692954237361	4.0	0.7602878526265398	13913.25	4125
599	1	1.489798602787578	1.0	0.4897986027875781	4848.0	14
600	2	2.1564388710283837	2.0	0.46138373806402233	8843.5	280
601	2	2.2995899725431315	2.0	0.565376908820862	10955.0	418
602	3	3.7964400071401023	3.0	0.8559282714150549	10901.666666666666	77692
603	2	2.800975821570147	2.0	0.8199321576399197	12842.0	18147
604	1	1.5070174372877378	1.0	0.5070174372877378	10694.0	42
605	2	2.5934869275291232	2.0	0.698719582960447	12072.0	991
606	2	2.1867997256659186	2.0	0.47845344081843044	9590.0	645
607	3	3.5482824134119673	3.0	0.7272660032560792	10329.666666666666	8609
608	1	1.746859253546813	1.0	0.746859253546813	11763.0	194
609	2	2.0912752337006633	1.0	0.4900024332561128	7092.0	3323
610	1	1.6789110264402671	1.0	0.678911026440267	10493.0	74
611	1	1.3842125979346864	1.0	0.3842125979346865	7329.0	77
612	3	3.134696111639421	2.0	0.6322682574478049	8442.666666666666	39734
613	2	2.296762379979124	2.0	0.5449945111090111	9105.0	154
614	2	2.2676521593080996	2.0	0.5274735068791815	9520.0	715
615	2	2.7649897106497923	2.0	0.8367760502183246	12940.5	1992
616	2	2.352623225699503	2.0	0.5681781485128063	10906.5	587
617	1	1.1668950620206986	1.0	0.1668950620206986	2813.0	7
618	3	3.4460220635720105	3.0	0.6919256250127218	10576.333333333334	864
619	2	2.153809414708178	2.0	0.4576264152625449	10147.0	122
620	1	1.5177208031872533	1.0	0.5177208031872534	7190.0	81
621	2	2.076819647025031	1.0	0.4796979477991286	6727.0	27565
622	1	1.3401088457890742	1.0	0.34010884578907413	4750.0	34
623	2	2.727023011705982	2.0	0.7753970907476979	11088.0	1349
624	1	1.6095096331819148	1.0	0.6095096331819148	8743.0	134
625	1	1.6251072535699542	1.0	0.6251072535699543	9991.0	91
626	3	3.1043028910285053	3.0	0.5657546485050355	11350.666666666666	1153
627	1	1.737578213877951	1.0	0.7375782138779509	10415.0	272
628	1	1.5424095722377662	1.0	0.5424095722377663	9103.0	90
629	3	3.4938292711531282	3.0	0.6979884938547054	13077.0	1487
630	1	1.065402225344024	1.0	0.06540222534402398	1555.0	0
631	3	3.1027001034276203	2.0	0.6100456874982589	10765.0	78910
632	1	1.5688188171259412	1.0	0.5688188171259412	7760.0	70
633	1	1.6192197668497406	1.0	0.6192197668497406	10689.0	50
634	2	2.4639644745974145	2.0	0.631386878770616	10803.5	92
635	1	1.6729482620690859	1.0	0.6729482620690859	10244.0	81
636	2	2.6435339014666344	2.0	0.7217654201257089	9963.0	915
637	1	1.4948397454973088	1.0	0.49483974549730886	14185.0	9
638	1	1.317992978018721	1.0	0.31799297801872095	3323.0	3
639	3	3.1665743860606472	2.0	0.6384502418788985	9167.0	31898
640	2	2.1366066379217648	2.0	0.46622715451413194	8932.5	100
641	2	2.081266517664749	1.0	0.4924199505317643	6919.0	2523
642	1	1.715389163931332	1.0	0.7153891639313319	10328.0	82
643	1	1.1962415246874367	1.0	0.1962415246874366	3342.0	28
644	2	2.6928767959043856	2.0	0.7411020734653843	10683.0	588
645	2	2.275097904791788	2.0	0.5483215896781289	8459.0	450
646	2	2.6435717566726575	2.0	0.7335594692189913	10798.5	1495
647	2	2.4531722332382695	2.0	0.65052815187126	10252.5	423
648	2	2.5209159693462118	2.0	0.6629218483827024	9740.0	1365
649	1	1.7216662495077628	1.0	0.7216662495077627	13537.0	861
650	1	1.7981654938955292	1.0	0.7981654938955292	10680.0	33
651	2	2.2147739485027524	2.0	0.4945768317529468	8709.5	400
652	3	3.2721324208816513	3.0	0.6117144901445459	12290.0	6492
653	1	1.2891487231965155	1.0	0.28914872319651547	4502.0	18
654	2	2.8366914112618966	2.0	0.8429860692158526	13253.5	8637
655	3	3.363524363412438	3.0	0.6474464716112263	11491.666666666666	1471
656	2	2.2829752269564234	2.0	0.5490130393874308	10219.5	507
657	2	2.13613089683379	1.0	0.4973650202818035	7982.0	7402
658	3	3.577166049492425	3.0	0.7219711942229524	12701.666666666666	2888
659	1	1.4249309512614678	1.0	0.4249309512614678	4366.0	25
660	2	2.1196862263514005	1.0	0.49093781216451765	6942.5	5869
661	2	2.4455950422708495	2.0	0.6179109037411125	7497.5	88
662	2	2.3572660004469284	2.0	0.5716122785069004	10023.5	303
663	2	2.5953399193647666	2.0	0.6777941042589316	14219.5	191
664	3	3.6378445054364246	3.0	0.7314955291338973	10168.666666666666	1305
665	1	1.3503080450307492	1.0	0.35030804503074914	7371.0	14
666	1	1.5261423565749492	1.0	0.5261423565749493	8002.0	16
667	2	2.269511141468162	2.0	0.529033747232863	8539.0	227
668	1	1.2541035487479049	1.0	0.2541035487479049	7418.0	12
669	2	2.3994683370697696	2.0	0.5850713530773971	10292.0	73
670	2	2.40125149493329	2.0	0.5984781546648467	9927.5	327
671	1	1.794215888513275	1.0	0.7942158885132751	13868.0	5400
672	1	1.6302832582982565	1.0	0.6302832582982564	12123.0	264
673	5	5.063381185548066	4.0	0.669560239351498	11031.4	297350
674	2	2.3056058070888223	2.0	0.5544628452177839	8956.5	391
675	2	2.4467434535149573	2.0	0.6298273331123518	10240.0	320
676	2	2.1151861260988802	1.0	0.49216129606750236	7179.0	38433
677	1	1.5529648655173307	1.0	0.5529648655173307	9537.0	56
678	2	2.658678307119742	2.0	0.7483804429072771	11573.0	1215
679	3	3.258643485796656	2.0	0.6506657129523546	11247.0	26434
680	2	2.733617948906997	2.0	0.7896232798857457	14887.5	2644
681	2	2.772415070808937	2.0	0.7789245149198141	11505.5	2230
682	2	2.6277213354833817	2.0	0.7202229913069915	9222.0	1660
683	2	2.0246140835989177	1.0	0.41639118576831935	4575.5	1900
684	2	2.2785727257158226	2.0	0.5388475499561738	9148.0	254
685	1	1.5407330785919404	1.0	0.5407330785919403	12241.0	212
686	2	2.3202837646287198	2.0	0.5492869543739766	7102.0	191
687	2	2.45499267688534	2.0	0.6375761707901167	10805.0	401
688	1	1.8519187703809115	1.0	0.8519187703809116	15477.0	6687
689	1	1.3168351371384557	1.0	0.31683513713845574	7522.0	66
690	1	1.5515187829810921	1.0	0.551518782981092	10941.0	456
691	2	2.445338301066098	2.0	0.6287602923396757	10008.5	584
692	1	1.7821922368903174	1.0	0.7821922368903174	11623.0	483
693	1	1.474458816895439	1.0	0.47445881689543895	7624.0	96
694	3	3.414546393616291	3.0	0.6662906732114112	11510.666666666666	4381
695	1	1.477513814018375	1.0	0.477513814018375	8749.0	31
696	3	3.0365628447781896	2.0	0.5770660968676153	9345.0	41726
697	2	2.0523966160543474	1.0	0.39300384316893355	7193.5	339
698	1	1.6482524777337022	1.0	0.6482524777337022	10430.0	47
699	2	2.5262074301751953	2.0	0.658298980644943	10787.5	638
700	3	3.0402067386229903	2.0	0.5577435044668801	8962.333333333334	35397
701	2	2.381590976867713	2.0	0.5963462141479937	10343.5	541
702	2	2.318875742290595	2.0	0.555535921868677	8318.0	321
703	1	1.6682616417912182	1.0	0.6682616417912182	12415.0	887
704	2	2.422073657621254	2.0	0.6082875956120122	11392.0	214
705	1	1.6176856515991331	1.0	0.617685651599133	13634.0	54
706	1	1.5589678083382263	1.0	0.5589678083382263	7481.0	418
707	2	2.258533746697606	2.0	0.5009362216536652	12619.0	597
708	2	2.7740573763294676	2.0	0.8169220993385748	11928.5	16458
709	3	3.3576668283143185	3.0	0.6367472131458178	13709.0	1117
710	2	2.3944104305624254	2.0	0.6098055392643786	9769.5	718
711	3	3.786957551353992	3.0	0.7996391820332723	14565.333333333334	12975
712	2	2.270254647779971	2.0	0.5299514854330457	10883.5	552
713	1	1.8295970905518166	1.0	0.8295970905518166	13660.0	2450
714	2	2.2401454095449282	2.0	0.5134327558637817	7251.0	409
715	2	2.2858314956361854	2.0	0.5390347305115899	7640.5	25
716	2	2.8373658807930453	2.0	0.8406317692231845	16325.0	4665
717	1	1.6186118286403697	1.0	0.6186118286403697	12923.0	100
718	1	1.4655594041681679	1.0	0.46555940416816793	9379.0	32
719	3	3.2772737136159824	3.0	0.6195396076568311	11547.666666666666	423
720	2	2.265671275184958	2.0	0.5192104351542485	10417.5	111
721	2	2.592457525581931	2.0	0.6961494718504064	8990.0	556
722	2	2.542413945402361	2.0	0.6713210917978952	12712.0	352
723	3	3.099834359557903	2.0	0.6213798216521741	10240.333333333334	11648
724	2	2.804719318793973	2.0	0.8285025352852315	12891.5	15094
725	3	3.7049644733902385	3.0	0.7762044862610087	14319.333333333334	13309
726	3	3.4263631171124596	3.0	0.6605893648630604	13319.333333333334	466
727	2	2.467590807453139	2.0	0.6429843290607743	10031.0	284
728	2	2.3610386521013864	2.0	0.5770248441075012	9081.5	642
729	1	1.1263223897394807	1.0	0.1263223897394808	2570.0	8
730	3	3.0403515541463944	2.0	0.5914522064092083	10482.0	237073
731	3	3.021384660983967	2.0	0.5873133629583347	9793.0	46671
732	1	1.7761073200101685	1.0	0.7761073200101685	10311.0	96
733	1	1.7964270243077114	1.0	0.7964270243077115	8243.0	212
734	2	2.5769910090241392	2.0	0.6898882503840812	12638.0	495
735	2	2.600465518815734	2.0	0.7000973803536902	13816.5	91
736	1	1.7508145759306988	1.0	0.7508145759306988	14511.0	86
737	1	1.1922277340039946	1.0	0.19222773400399457	3710.0	1
738	3	3.0232506584289003	2.0	0.6010653864105838	9439.0	72790
739	2	2.1074403405255717	1.0	0.4704319864373589	6816.0	7524
740	2	2.3135239226794435	2.0	0.5501985200345489	13309.0	109
741	1	1.6338124476800395	1.0	0.6338124476800396	9672.0	57
742	2	2.5749552325745735	2.0	0.6857958793993267	11433.5	222
743	1	1.3034585604958877	1.0	0.3034585604958877	6883.0	6
744	2	2.7433755951859933	2.0	0.7764726500805744	12479.0	311
745	2	2.0798184535383037	2.0	0.42531623389533735	8796.0	73
746	2	2.3084141987270312	2.0	0.5598650131640226	8501.0	103
747	1	1.7019119589492862	1.0	0.7019119589492862	11471.0	214
748	1	1.8166804933831628	1.0	0.8166804933831628	14209.0	2014
749	2	2.571180121015031	2.0	0.7019960968139378	13029.0	594
750	2	2.643112027744632	2.0	0.7259844876107677	10271.0	383
751	2	2.2328757067130787	2.0	0.5210136936310756	10189.0	609
752	1	1.4272999765192949	1.0	0.4272999765192949	7403.0	18
753	1	1.330019476754045	1.0	0.330019476754045	5438.0	12
754	1	1.283014744876069	1.0	0.283014744876069	4721.0	50
755	2	2.2603114153284842	2.0	0.5090096301411988	12093.0	370
756	2	2.7747930473880444	2.0	0.8248421965194028	12484.5	5451
757	2	2.0523966160543474	1.0	0.4265457992303367	6758.5	881
758	2	2.6116225322112614	2.0	0.7210916452899776	15385.5	382
759	2	2.264165539950419	2.0	0.5441147306108971	11149.0	251
760	2	2.4553347859072856	2.0	0.6365031396930216	10175.5	114
761	1	1.439266640341127	1.0	0.4392666403411269	9457.0	191
762	2	2.8156483809849977	2.0	0.858765825076195	11452.5	7867
763	1	1.4912533177685117	1.0	0.49125331776851167	10336.0	28
764	2	2.598775154038459	2.0	0.7071602006125483	11224.0	176
765	2	2.0534748744497473	1.0	0.45272548714263416	8024.5	1260
766	2	2.5721026309755395	2.0	0.705755811189803	9389.0	434
767	2	2.2180521364583146	2.0	0.5168054337845597	7387.0	205
768	2	2.7509675455839204	2.0	0.8023807120846687	15015.5	1728
769	1	1.4479013855028182	1.0	0.44790138550281816	5822.0	7
770	1	1.7387037343386327	1.0	0.7387037343386328	11492.0	152
771	2	2.388591023993117	2.0	0.5910680664164351	8140.0	309
772	1	1.130481018723226	1.0	0.1304810187232259	2666.0	0
773	1	1.678421892535721	1.0	0.6784218925357209	16126.0	122
774	1	1.5365134758497565	1.0	0.5365134758497565	11433.0	57
775	2	2.291197368593977	2.0	0.5556522321030688	7723.5	25
776	2	2.1949810966543857	2.0	0.5071329161653186	8715.0	76
777	1	1.8244193775560946	1.0	0.8244193775560947	15904.0	1495
778	1	1.0866581057414344	1.0	0.08665810574143441	1180.0	1
779	2	2.6114497922097675	2.0	0.6978505417701791	10969.5	797
780	1	1.6621465682968846	1.0	0.6621465682968845	8460.0	41
781	2	2.078447466437841	1.0	0.4618692390531889	5631.0	3376
782	2	2.4587609098214056	2.0	0.636504346868665	8157.0	420
783	1	1.8594948452802837	1.0	0.8594948452802837	15150.0	5301
784	2	2.3830102737708088	2.0	0.5910090286944056	13746.5	2061
785	2	2.845695939377735	2.0	0.8564412944904298	15617.0	14767
786	1	1.4131110845532469	1.0	0.41311108455324697	5070.0	37
787	2	2.8427034192885667	2.0	0.8732787070410888	13954.0	40474
788	1	1.2815900726248255	1.0	0.28159007262482555	4354.0	14
789	1	1.2356744409461404	1.0	0.23567444094614054	4312.0	5
790	3	3.2915616623154818	3.0	0.6174349462725981	12084.333333333334	2087
791	3	3.258798983685659	3.0	0.6105119685808775	12627.333333333334	1711
792	2	2.5585151174719702	2.0	0.6941283865006513	13682.5	567
793	2	2.426110954064393	2.0	0.6160129275300802	11411.5	338
794	2	2.5732154191497187	2.0	0.6908620653094323	10193.5	724
795	2	2.313031577232148	2.0	0.5585384979587229	7830.5	220
796	2	2.1985897546365396	2.0	0.5040584334053471	7422.0	37
797	1	1.391469705141427	1.0	0.3914697051414271	4486.0	7
798	2	2.3310934986462435	2.0	0.5565440160269194	7067.5	123
799	2	2.4613145646219685	2.0	0.6451404472558426	13136.0	2148
800	2	2.521766185429513	2.0	0.665936815105767	11248.5	335
801	3	3.2730216765697207	3.0	0.6125683884931744	12046.666666666666	1079
802	3	3.033491243295933	2.0	0.6011963004333404	9498.666666666666	124600
803	1	1.5073474973301488	1.0	0.5073474973301488	6367.0	32
804	3	3.5128438591419173	3.0	0.7053739412946233	10574.333333333334	1552
805	2	2.0331404562754947	1.0	0.4383668617257514	7701.5	1845
806	2	2.243105586437614	2.0	0.5142795895775917	9801.0	388
807	1	1.827126730870645	1.0	0.8271267308706449	12804.0	6333
808	1	1.7100819642651865	1.0	0.7100819642651867	9039.0	359
809	1	1.6517131769803997	1.0	0.6517131769803995	7975.0	372
810	2	2.0780342023836345	1.0	0.4761366657667514	4711.5	3148
811	2	2.0420267495089814	1.0	0.44755698740252997	7127.0	3823
812	1	1.8307227021200942	1.0	0.8307227021200942	10475.0	535
813	2	2.6148779204909935	2.0	0.7344537586017243	7389.5	234
814	1	1.5954055168336885	1.0	0.5954055168336885	10703.0	67
815	1	1.8078905464321549	1.0	0.8078905464321549	15751.0	9926
816	4	4.06816697644388	3.0	0.6693349746822241	11028.75	137158
817	2	2.0120535349143553	1.0	0.4460757259458922	5353.5	4255
818	2	2.5151087256409324	2.0	0.6572534754302061	13719.5	1591
819	2	2.700076436995123	2.0	0.7506513225076099	11492.0	1128
820	2	2.669370261792893	2.0	0.7402241037307353	11832.0	1956
821	2	2.0400252978461046	1.0	0.4487465906683546	7382.5	1660
822	2	2.1248599078360115	2.0	0.4306669488268906	10170.0	51
823	1	1.7189813769924576	1.0	0.7189813769924577	13694.0	192
824	2	2.4013128786759097	2.0	0.6057030895018471	10921.0	926
825	2	2.410177465524715	2.0	0.6125431744660577	7459.0	731
826	2	2.808146832098928	2.0	0.8376656703367767	10378.0	2817
827	2	2.3141188552795247	2.0	0.5364792193937641	12400.5	46
828	2	2.410126559155604	2.0	0.6072481034985932	10070.5	2176
829	2	2.184922681425004	2.0	0.4775721456565376	9159.0	455
830	3	3.1198264409412206	2.0	0.6333924872175474	8992.0	20155
831	2	2.662661326212728	2.0	0.732946235380619	10469.0	1298
832	2	2.077044432240582	1.0	0.47438903986556347	6566.5	13627
833	3	3.464807219857866	3.0	0.6990712241145953	12074.666666666666	3916
834	2	2.2498570009342855	2.0	0.5190203049904208	9504.0	366
835	3	3.0462999235174513	2.0	0.6070035289540205	9917.333333333334	12470
836	2	2.3267339774139257	2.0	0.5605986115247965	11001.5	510
837	3	3.0246140835989177	2.0	0.5419587111157242	9380.333333333334	37308
838	2	2.4093745798373924	2.0	0.6091634470950605	11513.5	476
839	1	1.4124910973643416	1.0	0.41249109736434153	8162.0	99
840	1	1.3330405590744725	1.0	0.33304055907447255	5072.0	38
841	2	2.0293439344309565	1.0	0.43135971959633046	7115.5	7721
842	2	2.127100926921846	2.0	0.44998918438954255	8609.0	158
843	1	1.6668274715731206	1.0	0.6668274715731205	11612.0	186
844	1	1.2793866809760257	1.0	0.27938668097602565	3369.0	31
845	2	2.198117885621383	2.0	0.4883187421102246	8591.5	339
846	2	2.224013898645943	2.0	0.5243628771806063	10079.0	183
847	1	1.84053043479984	1.0	0.8405304347998399	13110.0	5432
848	1	1.4286197839278594	1.0	0.4286197839278594	8014.0	23
849	2	2.8269396869766226	2.0	0.847557028400948	12061.5	27519
850	1	1.4960037589171844	1.0	0.4960037589171844	9520.0	28
851	2	2.5146542353996604	2.0	0.6680137608001506	12018.5	3402
852	2	2.780312186098744	2.0	0.8133570021756266	13253.5	14100
853	2	2.6121959406418527	2.0	0.7057994631166046	8795.5	703
854	2	2.3547005016589213	2.0	0.5670631965332285	10295.0	532
855	2	2.368891056338591	2.0	0.6065108380570914	5868.0	279
856	2	2.7376050450648917	2.0	0.7444640234667657	15275.5	506
857	2	2.5785444390850403	2.0	0.68387817839382	12113.0	1379
858	3	3.2841032300990887	3.0	0.6046199720346753	12964.666666666666	2137
859	1	1.797571905132485	1.0	0.7975719051324849	14944.0	3197
860	2	2.729854248573819	2.0	0.7833492008599737	14060.5	4673
861	2	2.0711869199193615	1.0	0.46594698726882955	6213.5	19503
862	2	2.115090212577481	1.0	0.49958312580731296	6205.0	1684
863	2	2.106602902282571	1.0	0.4821379344855756	5478.0	6040
864	1	1.7592898827998722	1.0	0.7592898827998722	10029.0	65
865	1	1.644020826011984	1.0	0.6440208260119838	5927.0	14
866	1	1.5444025281173415	1.0	0.5444025281173415	4733.0	52
867	3	3.7541442396778453	3.0	0.7840113670695498	16118.0	1911
868	2	2.1409727416778734	1.0	0.49747237919491544	6673.0	2041
869	2	2.7427960597695895	2.0	0.7687691156547836	13750.5	761
870	2	2.218607050046974	2.0	0.5359704518023394	8755.0	146
871	1	1.6638296672434005	1.0	0.6638296672434005	11982.0	85
872	2	2.0221429722800814	2.0	0.3630439758370812	8759.0	83
873	2	2.0364842189230794	1.0	0.44159446218878756	7336.5	5249
874	2	2.230701013956932	2.0	0.518044929847493	8976.0	192
875	2	2.6401687968647507	2.0	0.7262038291474746	15212.0	251
876	1	1.7096196159937835	1.0	0.7096196159937835	7615.0	67
877	1	1.5669841379170384	1.0	0.5669841379170385	10713.0	344
878	1	1.468673621228325	1.0	0.4686736212283249	12182.0	138
879	2	2.562999934425308	2.0	0.6905906557817689	10870.5	90
880	2	2.2797972345792594	2.0	0.534725375399168	6660.5	101
881	2	2.287136657498737	2.0	0.5363477739100325	11124.0	474
882	2	2.764356854512991	2.0	0.7898925483849094	14511.0	2825
883	2	2.758848739821374	2.0	0.778763653071113	13910.5	222
884	1	1.3936599317426448	1.0	0.3936599317426448	4674.0	35
885	1	1.365983904066617	1.0	0.3659839040666171	6281.0	40
886	2	2.4475856749067337	2.0	0.6134957954869533	9867.0	309
887	1	1.5256147752650075	1.0	0.5256147752650075	8775.0	210
888	2	2.6230341913368385	2.0	0.7016730520563975	12200.0	451
889	2	2.288141073187802	2.0	0.5479466363679246	12820.0	416
890	3	3.5580824702767733	3.0	0.7289457464061527	10944.0	1820
891	3	3.6494069704098244	3.0	0.7481365364850731	15116.0	1186
892	1	1.6562780547334803	1.0	0.6562780547334803	10565.0	196
893	2	2.326279441618856	2.0	0.5621896462458329	10125.0	268
894	1	1.5934738080353392	1.0	0.5934738080353392	11206.0	68
895	1	1.6658014861607677	1.0	0.6658014861607676	11499.0	218
896	3	3.7624324570991985	3.0	0.8234535838953172	12282.666666666666	28331
897	2	2.830036570816693	2.0	0.8303545363257714	13786.0	3132
898	1	1.8632916860014066	1.0	0.8632916860014067	14025.0	2530
899	2	2.3945738775891554	2.0	0.6137131212681047	9020.0	188
900	4	4.10241413946154	3.0	0.6723593425703225	12553.25	32197
901	2	2.050728709299418	1.0	0.4551274364078662	5532.0	1110
902	1	1.80814551103879	1.0	0.80814551103879	10554.0	867
903	3	3.2526179938458184	3.0	0.6242213536783275	11612.666666666666	314
904	2	2.6808122825247453	2.0	0.7340132192110479	13423.5	744
905	2	2.346514188083386	2.0	0.5676022232348832	8768.5	337
906	3	3.313897851029196	3.0	0.6374043798260784	11484.0	426
907	2	2.495572706104913	2.0	0.6565017580463325	10557.5	882
908	2	2.4574687763450425	2.0	0.6307343547815875	11476.0	294
909	2	2.3345364319117747	2.0	0.5643752491365677	11614.5	384
910	2	2.039323541590037	1.0	0.44444165427432536	7677.5	20299
911	2	2.0689210740136925	1.0	0.4713158553888309	5042.5	3600
912	2	2.038655973459264	1.0	0.4495807034841116	6742.0	3167
913	2	2.0206505387545177	1.0	0.4150044142768973	6982.5	2325
914	2	2.169463043490689	2.0	0.4674479735199417	8610.5	47
915	1	1.699017106202735	1.0	0.6990171062027349	14318.0	52
916	3	3.091867433072873	3.0	0.5326286479680626	11548.666666666666	2369
917	2	2.3259543697173113	2.0	0.5627279326982724	6102.5	111
918	2	2.02838791965212	2.0	0.4129897292357419	8647.5	64
919	2	2.0622067858622786	1.0	0.4454659314192584	6739.5	444
920	1	1.3503145136700456	1.0	0.3503145136700456	6094.0	22
921	3	3.012402021468002	2.0	0.5876701175262931	10902.666666666666	33603
922	1	1.3328747660271527	1.0	0.3328747660271528	5480.0	23
923	2	2.7725574492041556	2.0	0.8068539583733495	11324.0	3889
924	3	3.1691276536539283	2.0	0.6398701309813665	9352.666666666666	61330
925	3	3.7775390986538784	3.0	0.8260541818845771	12030.0	10582
926	1	1.2445464075101995	1.0	0.24454640751019954	4811.0	19
927	2	2.1013274763904346	1.0	0.4809399151555959	6398.5	3557
928	2	2.7910528150049108	2.0	0.8317833084188224	11369.0	12756
929	1	1.454747346906953	1.0	0.45474734690695295	5539.0	80
930	1	1.7827587439205326	1.0	0.7827587439205325	11885.0	1278
931	1	1.5493689398216792	1.0	0.5493689398216792	8122.0	92
932	3	3.5105448728483033	3.0	0.7170198380488082	11766.333333333334	1387
933	2	2.5777426922426643	2.0	0.6891240284826944	11674.5	1760
934	2	2.800657673845877	2.0	0.831369383834547	14077.0	20714
935	1	1.7502725085130368	1.0	0.7502725085130368	12406.0	165
936	2	2.106444466173606	1.0	0.48690278202282233	6893.5	9777
937	1	1.813710066885958	1.0	0.813710066885958	12245.0	2505
938	2	2.266450131243908	2.0	0.529939333957466	10329.0	1242
939	1	1.6289922408899407	1.0	0.6289922408899408	12586.0	164
940	2	2.411849016583473	2.0	0.609364680997117	8910.0	265
941	2	2.45096351179512	2.0	0.6446045409893415	9358.0	159
942	2	2.7078810325214713	2.0	0.7491763474750771	14372.0	1865
943	2	2.0186245791483914	1.0	0.4357469033724	7539.5	8532
944	2	2.7822894942487535	2.0	0.7985826983532507	14098.0	1871
945	1	1.6976082411193496	1.0	0.6976082411193497	13272.0	216
946	2	2.387598178968709	2.0	0.5990987340531243	10188.0	2354
947	2	2.4659922108016574	2.0	0.6286058535764731	6654.5	375
948	2	2.8159965258851596	2.0	0.8299703697599495	10952.0	16740
949	2	2.0677685401508783	1.0	0.46840647098076166	6669.0	13812
950	3	3.502964310899842	3.0	0.7027907448561468	10858.0	5283
951	4	4.4648898772240875	4.0	0.7178524456911608	12797.75	4868
952	2	2.045032662414721	1.0	0.4397575736206885	6650.5	11870
953	2	2.2832986133674478	2.0	0.5452478471673726	10177.0	95
954	2	2.0189850007970778	1.0	0.4335411087607629	7884.5	4463
955	2	2.416446510855823	2.0	0.6019450720049523	9663.5	345
956	4	4.0175253887828735	3.0	0.6153506265571854	10235.0	74822
957	3	3.1382395365830367	2.0	0.6460791060376936	11198.0	26246
958	3	3.4715431688401637	3.0	0.6843472724234565	8317.666666666666	546
959	1	1.6808870135301386	1.0	0.6808870135301385	8742.0	32
960	1	1.8030824569522874	1.0	0.8030824569522874	11651.0	577
961	2	2.2685066118946025	2.0	0.5370463186233515	7258.5	527
962	3	3.119943468647929	2.0	0.6305388910272601	8642.666666666666	79169
963	2	2.401006757154275	2.0	0.5915631906454001	12152.5	358
964	1	1.6704589747849024	1.0	0.6704589747849024	15763.0	30
965	3	3.026072215114691	2.0	0.5983359622809694	9527.0	48408
966	2	2.5484424894576554	2.0	0.6854154482449295	13334.5	1453
967	1	1.6349000218271024	1.0	0.6349000218271023	13411.0	98
968	2	2.575412752143403	2.0	0.6922733789094525	12147.0	981
969	1	1.4334097657730767	1.0	0.43340976577307655	7430.0	157
970	3	3.4600247543892966	3.0	0.6844535646184684	13783.666666666666	1734
971	1	1.585835552201885	1.0	0.585835552201885	6972.0	32
972	2	2.24604273588548	2.0	0.5237319343033149	9900.0	175
973	3	3.5303575178218414	3.0	0.708110114978621	12448.333333333334	1927
974	1	1.5948637682926115	1.0	0.5948637682926116	7522.0	59
975	2	2.292447547022509	2.0	0.5540756265475052	6391.0	108
976	1	1.7456336058384299	1.0	0.7456336058384299	13024.0	264
977	1	1.3108488214537797	1.0	0.3108488214537798	2496.0	10
978	1	1.37028087993447	1.0	0.37028087993446995	3901.0	29
979	1	1.813525574004616	1.0	0.8135255740046159	12030.0	2666
980	1	1.6736369899389656	1.0	0.6736369899389655	11374.0	72
981	4	4.793240057832368	4.0	0.8372843622717706	13239.75	170480
982	1	1.7698964468789304	1.0	0.7698964468789306	11231.0	906
983	1	1.275606945706	1.0	0.2756069457059999	3706.0	6
984	2	2.8276722376000456	2.0	0.8582052742050503	14264.5	93004
985	2	2.798492319618292	2.0	0.8182396062803472	11151.0	13017
986	2	2.376447725320074	2.0	0.5892301870532326	8904.5	520
987	3	3.497984620263427	3.0	0.7028294883612286	12311.666666666666	463
988	1	1.494505266736505	1.0	0.4945052667365052	8194.0	39
989	2	2.070692114566982	1.0	0.44803198824128926	5181.0	2028
990	3	3.0783877909626414	2.0	0.6333476167266531	9233.666666666666	23776
991	2	2.7871601974237823	2.0	0.7996963064957916	11636.5	2972
992	1	1.5875709696852458	1.0	0.5875709696852458	7066.0	56
993	2	2.6566297072760783	2.0	0.7327774813364382	11446.5	684
994	2	2.103933449727842	1.0	0.4942600392541632	6002.0	5448
995	1	1.1881910297602278	1.0	0.1881910297602278	2152.0	0
996	1	1.339410004976069	1.0	0.3394100049760691	6607.0	34
997	1	1.4919753682415275	1.0	0.4919753682415275	9479.0	175
998	3	3.601136799581033	3.0	0.7257883595302216	12241.333333333334	835
999	2	2.5662818805691936	2.0	0.6897612463956412	10956.0	349
