instance	numCrates	adjNumCrates	numCratesLB	avFillRate	avWeight
0	1	1.7399096344756426	1.0	0.7399096344756426	12971.0	
1	2	2.439777822283838	2.0	0.623414975533169	11399.0	
2	2	2.5236251448126765	2.0	0.6781322045466653	9647.0	
3	2	2.379020854369223	2.0	0.5732576475203371	11452.5	
4	2	2.559548095392295	2.0	0.6772161290601046	8540.5	
5	1	1.5784143146614467	1.0	0.5784143146614465	10062.0	
6	2	2.588404011986753	2.0	0.7058564623061797	10158.5	
7	3	3.4729571131720105	3.0	0.6754366686465106	12369.333333333334	
8	2	2.7129723299626485	2.0	0.7525789997948484	10776.5	
9	1	1.711426006294214	1.0	0.7114260062942138	7071.0	
10	1	1.3139637218209046	1.0	0.31396372182090465	5465.0	
11	2	2.132247071135649	2.0	0.4678593584799864	8917.0	
12	2	2.2766078081988317	2.0	0.5386875991834299	8316.5	
13	1	1.726786906371662	1.0	0.7267869063716621	11063.0	
14	3	3.0297402524723585	2.0	0.5942058196054876	9873.666666666666	
15	2	2.724567730331903	2.0	0.7505222572098167	7832.0	
16	2	2.6286010704276976	2.0	0.7037851311173825	11117.0	
17	1	1.7162724292949822	1.0	0.7162724292949824	10901.0	
18	1	1.827400258649909	1.0	0.8274002586499088	12689.0	
19	1	1.2762322626892553	1.0	0.27623226268925527	4034.0	
20	1	1.563458661169781	1.0	0.5634586611697809	7712.0	
21	2	2.401886856528974	2.0	0.5941103995835654	8555.5	
22	2	2.8773649168746824	2.0	0.8784778644871544	15377.0	
23	1	1.3929482675355416	1.0	0.3929482675355416	9080.0	
24	2	2.365557611626222	2.0	0.5856765466704468	10831.5	
25	2	2.419266974250465	2.0	0.6022053208521394	11929.0	
26	2	2.062964345520728	1.0	0.4605192750304396	4535.5	
27	2	2.2206004386876286	2.0	0.49715890073492625	8696.5	
28	2	2.0390359149103343	1.0	0.457309030564389	5971.5	
29	2	2.1829865994620596	2.0	0.5044185817312461	9873.5	
30	2	2.296857222986273	2.0	0.538011899699739	11022.0	
31	1	1.180044325211934	1.0	0.18004432521193392	1527.0	
32	2	2.7619856198959676	2.0	0.7789012141522075	15052.0	
33	2	2.650685346639233	2.0	0.7191623394544655	9708.5	
34	1	1.3933510086624419	1.0	0.3933510086624419	8427.0	
35	1	1.8165453124880067	1.0	0.8165453124880065	10638.0	
36	1	1.531968664544634	1.0	0.5319686645446341	9120.0	
37	4	4.317459725260945	2.0	0.6120013632885086	11070.5	
39	2	2.4714403994721863	2.0	0.6362558964551241	11662.0	
40	1	1.4425616148712013	1.0	0.4425616148712013	10252.0	
41	1	1.5105229842484307	1.0	0.5105229842484306	10332.0	
42	2	2.712538885575989	2.0	0.7669495147529732	11633.0	
43	2	2.195358965407653	2.0	0.48806024708425516	10016.0	
44	2	2.4017534522319344	2.0	0.5998255790633652	10028.0	
45	2	2.5864611197310285	2.0	0.6803880513937036	14926.5	
46	4	4.4413021890217035	2.0	0.7155820671826044	11526.0	
48	2	2.739029808423731	2.0	0.7760343200490942	16699.0	
49	4	4.117486797883014	2.0	0.5474600990298567	12122.25	
51	3	3.57024166722527	3.0	0.7299648759719273	8635.0	
52	2	2.247040409612462	2.0	0.5303986301244122	9427.5	
53	2	2.496957131575745	2.0	0.6369880029290181	8559.0	
54	2	2.5544969764008325	2.0	0.6710680404507703	9217.0	
55	3	3.02838791965212	2.0	0.5594046692597255	8800.0	
56	2	2.297208989413366	2.0	0.5355795546628833	7927.5	
57	3	3.3830350322599467	3.0	0.658570162403617	12916.333333333334	
58	3	3.411132956434876	3.0	0.6756757653468903	12469.666666666666	
59	2	2.134295716533111	1.0	0.492607415798417	8468.0	
60	1	1.4947108282493586	1.0	0.4947108282493587	10366.0	
61	1	1.6283672883370683	1.0	0.6283672883370685	10535.0	
62	2	2.5069551424691614	2.0	0.6591804694104767	10647.0	
63	3	3.0266987164966905	2.0	0.5785168790373335	8939.333333333334	
64	2	2.3534595250975574	2.0	0.5729392834155272	8729.0	
65	2	2.078750786400907	2.0	0.4226196426655322	8649.5	
66	2	2.139701562948527	1.0	0.49999486380929103	6910.5	
67	1	1.5064248962620443	1.0	0.5064248962620443	7928.0	
68	1	1.6331352904748169	1.0	0.633135290474817	10245.0	
69	1	1.5917739680681087	1.0	0.5917739680681088	12345.0	
70	2	2.052877208621794	2.0	0.3998478002059624	8627.5	
71	3	3.0420869260759575	2.0	0.5960122402751163	10639.0	
72	1	1.3650779073578334	1.0	0.36507790735783346	9061.0	
73	1	1.4987416788301	1.0	0.4987416788301001	8802.0	
74	2	2.658934205579233	2.0	0.7393890684505716	16196.5	
75	3	3.3242559419178144	3.0	0.6349291231116366	11690.333333333334	
76	1	1.2881928906328706	1.0	0.2881928906328705	5792.0	
77	1	1.8006800863144252	1.0	0.8006800863144251	13956.0	
78	2	2.556810494355964	2.0	0.6920844103674704	10915.0	
79	2	2.1284951236823195	1.0	0.4852737212690204	6269.5	
80	2	2.100891822644579	2.0	0.41170602321198324	9815.5	
81	2	2.0246140835989177	1.0	0.43661934970905814	6264.0	
82	3	3.462529119980572	3.0	0.67660379490924	11952.333333333334	
83	2	2.815771604008215	2.0	0.8374477865216015	12299.5	
84	2	2.850436017037394	2.0	0.8550150050793623	14745.0	
85	2	2.8445378707284803	2.0	0.8580108164304258	13471.0	
86	2	2.736232440804605	2.0	0.7538632296872825	14743.5	
87	1	1.802556720571159	1.0	0.802556720571159	10786.0	
88	1	1.1098752593520067	1.0	0.10987525935200679	2443.0	
89	2	2.0295467854928373	1.0	0.4505766120014259	5948.0	
90	3	3.0622067858622786	2.0	0.5860142217894004	10612.0	
91	3	3.23473471165004	2.0	0.6267733078037703	9333.0	
92	5	5.177315288289601	2.0	0.6322088355554134	8980.0	
94	2	2.0159254255174566	1.0	0.44064247892106195	4347.5	
95	3	3.01252501672223	2.0	0.565325000268198	9266.333333333334	
96	2	2.430651642750809	2.0	0.6079350661588055	8296.5	
97	2	2.5786194206363215	2.0	0.6851449725701223	8937.0	
98	2	2.0804931963922395	1.0	0.4636831685071654	5114.0	
99	1	1.7827855978843723	1.0	0.7827855978843723	11078.0	
100	2	2.495229321576627	2.0	0.6640659434044627	13328.0	
101	1	1.2481143631739635	1.0	0.2481143631739636	4624.0	
102	2	2.1845994772291712	2.0	0.4918034937621932	8579.0	
103	2	2.497533113795915	2.0	0.6707669184584513	8945.5	
104	2	2.0712808746274525	2.0	0.39831280804474606	9241.5	
105	1	1.440652045218613	1.0	0.440652045218613	9919.0	
106	1	1.608541797192533	1.0	0.6085417971925331	11423.0	
107	1	1.4145274660132794	1.0	0.41452746601327944	7120.0	
108	2	2.3380799707398845	2.0	0.5600462033950198	7883.5	
109	1	1.2864508222950217	1.0	0.2864508222950217	3028.0	
110	2	2.126370927311103	1.0	0.47936603143945467	6061.5	
111	2	2.4158192350592596	2.0	0.6047728695610503	13078.0	
112	1	1.3994878340952548	1.0	0.3994878340952548	3867.0	
113	2	2.579574410454706	2.0	0.6844059760843016	11208.0	
114	1	1.693213962339263	1.0	0.6932139623392631	11291.0	
115	1	1.8404713059702147	1.0	0.8404713059702147	13336.0	
116	1	1.562336124482859	1.0	0.5623361244828591	3948.0	
117	2	2.244028597489899	2.0	0.5336980233728793	8481.0	
118	1	1.6158346413536968	1.0	0.6158346413536967	7519.0	
119	2	2.1297318181866842	1.0	0.49357194913745367	7998.5	
120	2	2.500539823893117	2.0	0.6684469774178208	12810.0	
121	1	1.6909227429681848	1.0	0.6909227429681848	12084.0	
122	2	2.3019075675631724	2.0	0.547342274131686	6599.0	
123	2	2.729033095813554	2.0	0.7840934701978969	9199.5	
124	1	1.438420615207229	1.0	0.4384206152072289	10687.0	
125	1	1.3114714507629612	1.0	0.3114714507629612	4676.0	
126	1	1.2070608705563095	1.0	0.2070608705563096	2679.0	
127	2	2.510162995360824	2.0	0.6686154809161133	9310.0	
128	6	6.492057410631477	3.0	0.7628963959573768	12377.833333333334	
130	1	1.8433450445314568	1.0	0.8433450445314568	14833.0	
131	3	3.120474215946822	2.0	0.6288099269985964	9188.333333333334	
132	2	2.733196553499872	2.0	0.7762054542792133	11585.0	
133	2	2.541960571229137	2.0	0.6711295380778843	13769.0	
134	1	1.782795915819588	1.0	0.7827959158195881	13669.0	
135	4	4.270426772805194	2.0	0.5550474484941998	9346.25	
137	1	1.5985757422883171	1.0	0.5985757422883171	5669.0	
138	1	1.2292423585724834	1.0	0.22924235857248337	3851.0	
139	1	1.6016210136754094	1.0	0.6016210136754095	5860.0	
140	1	1.330890579253666	1.0	0.33089057925366616	5584.0	
141	2	2.3748815174188724	2.0	0.5938313711832096	5438.0	
142	2	2.339296894895977	2.0	0.5618055821760561	7505.0	
143	1	1.5494704336833163	1.0	0.5494704336833164	9571.0	
144	2	2.8201351567516433	2.0	0.8392052292662288	16269.0	
145	2	2.8479602136773776	2.0	0.8746996097155592	14258.5	
146	1	1.5020435319836518	1.0	0.5020435319836517	8970.0	
147	2	2.102695889701318	1.0	0.4929769368182262	8000.5	
148	2	2.6613428398643015	2.0	0.738063361825184	15554.0	
149	1	1.6525346713941487	1.0	0.6525346713941487	7185.0	
150	2	2.577901173905427	2.0	0.7073528817890562	12179.0	
151	4	4.248780314144912	2.0	0.6177581504684309	11386.25	
153	1	1.473968635253542	1.0	0.47396863525354205	5713.0	
154	1	1.222752422875541	1.0	0.22275242287554112	2292.0	
155	2	2.2902297831504836	2.0	0.5680234136499176	9896.0	
156	2	2.2012116490263	2.0	0.4973183731927926	9664.0	
157	4	4.3937483516642954	2.0	0.7016397807012839	10614.0	
159	1	1.6770604034021126	1.0	0.6770604034021125	10096.0	
160	3	3.167984071112394	3.0	0.5762502511248011	11586.666666666666	
161	1	1.5188550927540239	1.0	0.5188550927540239	9751.0	
162	2	2.7999940005648214	2.0	0.8054450249592675	12393.5	
163	2	2.624514985867048	2.0	0.7035650265545615	13730.0	
164	1	1.4656817388923271	1.0	0.46568173889232706	6314.0	
165	2	2.5751130309303685	2.0	0.6912232499842327	10807.0	
166	3	3.4954844683984536	3.0	0.6866612079550688	10089.0	
167	2	2.262354389278112	2.0	0.5422859733957165	6622.5	
168	1	1.5216572435219253	1.0	0.5216572435219253	6410.0	
169	4	4.74301168867177	2.0	0.7939312456073326	12212.0	
171	3	3.185596285433993	2.0	0.6563762307601732	9559.666666666666	
172	2	2.2630734559773678	2.0	0.5282512013162861	7876.0	
173	2	2.34227183121917	2.0	0.5713929369701937	9097.0	
174	1	1.7455588748330368	1.0	0.7455588748330368	12191.0	
175	2	2.283467526849921	2.0	0.534767717654281	7947.0	
176	1	1.6584544785339457	1.0	0.6584544785339458	9501.0	
177	2	2.722490317711091	2.0	0.7569388740690997	12007.0	
178	3	3.0400932413356165	2.0	0.5574688833964675	7276.666666666667	
179	1	1.3660092775320265	1.0	0.36600927753202644	7735.0	
180	4	4.040025297846105	1.0	0.44489009724893097	8559.75	
182	2	2.780579404677004	2.0	0.8030101972404283	11651.0	
183	2	2.8407838505773477	2.0	0.8536238490348961	12771.0	
184	3	3.2071100458811017	2.0	0.6499500020495413	10196.666666666666	
185	2	2.2461742724768077	2.0	0.5257257898703979	8388.5	
186	2	2.468534704921744	2.0	0.6363053451027036	9349.0	
187	4	4.5946900488844635	2.0	0.7567680587155655	13150.5	
189	1	1.567849204538443	1.0	0.5678492045384429	8991.0	
190	2	2.7213754340622103	2.0	0.7591021328219828	15233.0	
191	2	2.0081504855135166	1.0	0.430714119784577	6110.5	
192	1	1.7843351330955561	1.0	0.7843351330955561	15814.0	
193	2	2.336098357755977	2.0	0.567072603392487	10640.5	
194	2	2.7528857704581027	2.0	0.7572662919912346	9521.5	
195	1	1.831382685543523	1.0	0.8313826855435228	11829.0	
196	2	2.445432164666593	2.0	0.6267791121168479	11777.5	
197	3	3.0295467854928373	3.0	0.4924951978135331	11657.333333333334	
198	1	1.3560697349381663	1.0	0.3560697349381663	5564.0	
199	3	3.1012170539844166	2.0	0.575501058180559	8773.666666666666	
200	1	1.770976777972133	1.0	0.770976777972133	12801.0	
201	2	2.322325941386885	2.0	0.57755376925448	10963.5	
202	2	2.2357071941268036	2.0	0.5125816970352199	8511.5	
203	2	2.140516247069496	2.0	0.44763104648940455	9479.5	
204	1	1.3600963490157065	1.0	0.3600963490157066	3784.0	
205	3	3.387429402147629	3.0	0.6454153720182411	14602.0	
206	1	1.613594465013123	1.0	0.613594465013123	9035.0	
207	2	2.5299064441154093	2.0	0.6579876546019028	11538.0	
208	2	2.7656171003308505	2.0	0.7973303561193202	11647.0	
209	1	1.7237340275003268	1.0	0.7237340275003267	13481.0	
210	2	2.7732709127862747	2.0	0.782377253640335	13902.0	
211	2	2.622480894908003	2.0	0.7152184852391915	13852.5	
212	1	1.6302487285194767	1.0	0.6302487285194768	12316.0	
213	1	1.0982687438560739	1.0	0.09826874385607387	1809.0	
214	4	4.206801715000271	2.0	0.5836828049878584	9668.0	
216	1	1.3638428755670906	1.0	0.36384287556709066	6651.0	
217	2	2.3669016308783504	2.0	0.5773640832401815	9423.5	
218	2	2.3642242747396924	2.0	0.5992153859410001	7940.0	
219	2	2.3113783388001305	2.0	0.5427152040560738	9388.0	
220	2	2.833517541503439	2.0	0.8548357053309765	12735.5	
221	2	2.1173228953183063	1.0	0.4936784539168556	5851.5	
222	2	2.0108155649036505	1.0	0.43958744157412244	8418.0	
223	2	2.488187000526807	2.0	0.6670995985731002	13218.5	
224	1	1.6214075107689747	1.0	0.6214075107689747	10715.0	
225	1	1.7038414128346413	1.0	0.7038414128346413	12005.0	
226	2	2.206383348920704	2.0	0.49996889814450957	9576.5	
227	2	2.111685977263234	1.0	0.4842667317903761	6688.5	
228	2	2.083467677177454	1.0	0.4753441891222405	7562.5	
229	2	2.2301961867690223	2.0	0.5020174979881734	8044.0	
230	2	2.5815800530669857	2.0	0.6864752573521951	12994.0	
231	1	1.7978547031096137	1.0	0.7978547031096138	14217.0	
232	2	2.388213405785738	2.0	0.5960221444300016	8331.0	
233	1	1.6727970234601832	1.0	0.6727970234601831	13427.0	
234	2	2.360640261362182	2.0	0.5928773721599285	9529.0	
235	1	1.724489263915085	1.0	0.7244892639150852	11873.0	
236	2	2.068535574999283	1.0	0.4507844170388241	5768.0	
237	1	1.487645593639214	1.0	0.4876455936392139	9840.0	
238	1	1.6275958803240687	1.0	0.6275958803240688	9228.0	
239	1	1.4466463783717127	1.0	0.4466463783717127	10953.0	
240	1	1.6995499489763297	1.0	0.6995499489763298	12303.0	
241	2	2.8591168854194207	2.0	0.8690172517471191	15443.0	
242	1	1.5596287028376121	1.0	0.5596287028376121	7269.0	
243	2	2.0687097954992075	1.0	0.46091577528703276	4967.5	
244	2	2.4989987161345377	2.0	0.668915076856204	12854.5	
245	2	2.870473743326169	2.0	0.8887196565298305	15366.5	
246	5	5.148430991679075	2.0	0.6759070996801144	10741.2	
248	2	2.2751102726479075	2.0	0.5397824277728022	6727.0	
249	2	2.39087468143375	2.0	0.5950682479027658	6391.5	
250	1	1.378750014264033	1.0	0.37875001426403293	7276.0	
251	2	2.078447466437841	1.0	0.4565792245572871	6230.0	
252	2	2.0295467854928373	1.0	0.4152603582901865	4897.0	
253	2	2.1876360933946697	2.0	0.505743878372453	10012.0	
254	1	1.2908685385041085	1.0	0.2908685385041085	3238.0	
255	2	2.267837244388814	2.0	0.5547328881315114	11070.0	
256	2	2.0541858325729834	1.0	0.4651465273212433	5847.0	
257	4	4.597569208347652	2.0	0.7365981979418658	10796.25	
259	3	3.438276050229713	3.0	0.6711563730609751	11388.666666666666	
260	3	3.3241827597415488	3.0	0.6326995228444666	12532.666666666666	
261	1	1.407893398099901	1.0	0.407893398099901	6257.0	
262	3	3.4169063536683435	3.0	0.6795717690936599	12864.0	
263	2	2.361113952529253	2.0	0.5768405334413504	10378.5	
264	3	3.5218947382470804	3.0	0.7107203096346305	15488.0	
265	2	2.402238030756694	2.0	0.6178588926924032	11238.5	
266	2	2.351824599292281	2.0	0.5882858454350983	8798.5	
267	1	1.770050441492604	1.0	0.7700504414926039	12507.0	
268	1	1.4902261479574144	1.0	0.49022614795741437	12842.0	
269	1	1.2723903009313497	1.0	0.2723903009313497	6842.0	
270	4	4.456883113942826	2.0	0.7382408906696779	11215.5	
272	2	2.440537249648	2.0	0.6398417319845492	11665.5	
273	3	3.0813514527208636	2.0	0.6053644501608387	8764.0	
274	2	2.0638953057107403	1.0	0.4904193985563956	6378.5	
275	1	1.387820117071894	1.0	0.3878201170718939	8076.0	
276	2	2.6739946100290832	2.0	0.7388798680980672	12289.0	
277	1	1.3568426462264953	1.0	0.35684264622649536	5717.0	
278	1	1.559372690493626	1.0	0.5593726904936261	9306.0	
279	2	2.0513609049061508	1.0	0.4550434465930577	7771.5	
280	1	1.6661821336957048	1.0	0.6661821336957047	10676.0	
281	5	5.124950332124769	2.0	0.7077174169456893	10552.8	
283	1	1.6025547982008892	1.0	0.6025547982008892	10048.0	
284	2	2.823024543042451	2.0	0.837308710776728	11138.5	
285	2	2.5783163967729417	2.0	0.7123266048779507	14243.0	
286	2	2.5616238225225856	2.0	0.664496107917676	12783.5	
287	1	1.7348623420032006	1.0	0.7348623420032004	11528.0	
288	2	2.194525923106146	2.0	0.5002146153301786	9021.5	
289	2	2.5806989970625316	2.0	0.6913627812670848	14903.5	
290	2	2.028349312808432	1.0	0.4449346830285887	6673.5	
291	3	3.201058565488584	2.0	0.6443046565418644	10480.333333333334	
292	4	4.381615985902739	2.0	0.5985436154723748	10254.0	
294	2	2.2899832687733523	2.0	0.543715736283871	9786.0	
295	2	2.350533627437763	2.0	0.5680766090973713	8799.0	
296	2	2.5258655716991383	2.0	0.6604543244254476	10533.5	
297	2	2.534599100271494	2.0	0.6750029433447644	13163.0	
298	4	4.084155835624861	1.0	0.5694180260887967	8552.25	
300	1	1.4933369257058327	1.0	0.49333692570583276	8771.0	
301	1	1.6274190404807674	1.0	0.6274190404807675	9490.0	
302	2	2.657135399986147	2.0	0.7409583398446793	13617.5	
303	1	1.5640421825434978	1.0	0.5640421825434977	11489.0	
304	1	1.836624447179039	1.0	0.8366244471790389	10211.0	
305	1	1.4794642454276457	1.0	0.4794642454276457	9184.0	
306	1	1.1080997089727294	1.0	0.10809970897272929	2656.0	
307	2	2.2732673709784907	2.0	0.5320505930500894	8748.0	
308	2	2.5745954259021584	2.0	0.6765367055534385	11120.5	
309	1	1.6239699118987272	1.0	0.6239699118987272	10489.0	
310	1	1.6399798169343192	1.0	0.6399798169343192	10147.0	
311	2	2.426980348296594	2.0	0.610141088539432	10980.5	
312	2	2.5238132364440498	2.0	0.6711668921921314	10874.0	
313	2	2.397232738885881	2.0	0.5975092709381142	10618.5	
314	2	2.710687123692888	2.0	0.7886772983308884	10070.0	
315	3	3.6090827257652487	3.0	0.7272139960035198	12050.333333333334	
316	2	2.5561567290259437	2.0	0.6791353105640419	10383.0	
317	2	2.3703885235588187	2.0	0.5838917830355516	11251.5	
318	2	2.738005872932282	2.0	0.80387830457784	14347.0	
319	3	3.7733145305477276	3.0	0.8096897923786204	13358.333333333334	
320	1	1.8334582987893189	1.0	0.833458298789319	16695.0	
321	2	2.620299824620156	2.0	0.7271470546975611	11411.0	
322	2	2.8031526098009953	2.0	0.8120575459262571	14275.5	
323	3	3.5495348467534935	3.0	0.7188489369174728	11465.333333333334	
324	2	2.6067364090756557	2.0	0.6995673846924616	14886.5	
325	1	1.336550501976659	1.0	0.33655050197665903	6481.0	
326	1	1.7119053689091184	1.0	0.7119053689091184	9721.0	
327	1	1.5886624159051266	1.0	0.5886624159051267	11401.0	
328	2	2.504915448392979	2.0	0.651132764653387	13954.0	
329	2	2.3209582113829694	2.0	0.550609916383043	8133.0	
330	2	2.4743091043387646	2.0	0.6182326502154136	9715.5	
331	1	1.4648431618043796	1.0	0.46484316180437957	11164.0	
332	2	2.3244286819193083	2.0	0.5710938421218795	10653.5	
333	2	2.736606414708155	2.0	0.7860213638656752	8217.5	
334	4	4.643682657393553	2.0	0.7418739370163624	12815.25	
336	3	3.100891822644579	3.0	0.48049296406787034	12707.0	
337	2	2.222634370208381	2.0	0.5011173777193141	7784.0	
338	2	2.106939317079784	1.0	0.43792389659533876	6961.0	
339	1	1.482087187554757	1.0	0.4820871875547571	11907.0	
340	2	2.647064844669635	2.0	0.7169471493720193	7801.0	
341	1	1.6330965469697352	1.0	0.6330965469697352	11045.0	
342	1	1.7522050145028487	1.0	0.7522050145028487	11661.0	
343	1	1.6273509603298624	1.0	0.6273509603298624	6525.0	
344	4	4.258914963655016	2.0	0.5751521274773835	11538.25	
346	2	2.8020008731296437	2.0	0.8304790462437784	14529.5	
347	2	2.567616196862377	2.0	0.6744244670541609	11577.0	
348	4	4.250362716421254	2.0	0.5253845235937127	9113.25	
350	6	6.4022732893962395	3.0	0.7009054971354671	12127.166666666666	
352	2	2.5712519593542593	2.0	0.6971588415149891	12399.5	
353	1	1.6819339536895082	1.0	0.681933953689508	15341.0	
354	1	1.625524093597293	1.0	0.625524093597293	7127.0	
355	2	2.619281059484764	2.0	0.707778752856821	13459.5	
356	2	2.018565450318766	1.0	0.43144172782093204	7633.5	
357	2	2.787180787740416	2.0	0.8161516251784314	16022.5	
358	3	3.548486904410571	3.0	0.7113238670871069	10423.0	
359	1	1.4286191006208915	1.0	0.4286191006208914	6389.0	
360	2	2.517221100801603	2.0	0.652999764281873	8175.5	
361	2	2.729420189210888	2.0	0.7421763231265721	12987.5	
362	1	1.834523278252642	1.0	0.8345232782526419	15448.0	
363	1	1.4102665004226367	1.0	0.41026650042263674	6296.0	
364	2	2.165590515134418	2.0	0.47961654316234875	8814.5	
365	2	2.3357269120882083	2.0	0.5770919448517523	6864.0	
366	2	2.413052229046409	2.0	0.6252083032820623	11551.5	
367	2	2.7369347209293484	2.0	0.7608818741506637	12940.5	
368	1	1.6911103790615796	1.0	0.6911103790615795	8181.0	
369	2	2.301010089414589	2.0	0.5352748111436343	10857.0	
370	1	1.581055068323522	1.0	0.581055068323522	10271.0	
371	4	4.123646764645142	2.0	0.4810314612066249	9114.5	
373	3	3.05228425761192	2.0	0.6087536906832894	10398.666666666666	
374	2	2.2390784029376003	2.0	0.5318824767590787	8972.0	
375	2	2.2973338751502053	2.0	0.5524290161930768	6964.5	
376	2	2.2384351833117853	2.0	0.5015537375490366	9428.0	
377	1	1.6324206880477516	1.0	0.6324206880477516	10237.0	
378	4	4.368367324324568	2.0	0.6666110511737016	10371.5	
380	2	2.22148666504814	2.0	0.5187499204232093	8434.5	
381	2	2.1181582380866057	1.0	0.49116892935797185	8277.5	
382	4	4.687625171871632	2.0	0.7908833719595374	15058.25	
384	3	3.086656260812621	2.0	0.6125071565965479	9664.333333333334	
385	2	2.799419476066183	2.0	0.822492281079779	16270.5	
386	2	2.3066109516386533	2.0	0.5546524742898351	11484.5	
387	1	1.5329296219105386	1.0	0.5329296219105386	5717.0	
388	2	2.0885379970947153	1.0	0.4642958784768623	6436.5	
389	3	3.0446798938040756	2.0	0.5930169717734775	9955.0	
390	2	2.403644732034681	2.0	0.5964462616765488	9985.0	
391	3	3.65990534421896	3.0	0.7629958209173611	15731.0	
392	1	1.7615369149870241	1.0	0.7615369149870241	13906.0	
393	2	2.364060759382266	2.0	0.5974408035799272	9427.5	
394	3	3.1002767552658423	2.0	0.6307078652481305	10983.0	
395	2	2.3484978509881973	2.0	0.5816109157650374	10018.5	
396	2	2.352721120811109	2.0	0.5689758866209703	12690.0	
397	1	1.292827625134973	1.0	0.29282762513497307	6592.0	
398	4	4.373913408106704	2.0	0.6454266332966876	10690.5	
400	2	2.5041913935528575	2.0	0.6620638881537645	9435.5	
401	2	2.158630897004617	2.0	0.46181906154484365	9264.5	
402	1	1.5893846030395362	1.0	0.5893846030395362	11964.0	
403	2	2.4138637244015273	2.0	0.6004521146107134	8167.0	
404	2	2.4723627727713016	2.0	0.649775102038799	11907.0	
405	1	1.7634969354707448	1.0	0.7634969354707448	12662.0	
406	6	6.09297238599382	2.0	0.5756097381538089	10502.5	
408	4	4.107033886764146	3.0	0.6972668040159226	11708.5	
409	2	2.009708425400406	1.0	0.42629021964743047	7215.0	
410	1	1.5402315312774768	1.0	0.5402315312774768	10102.0	
411	3	3.5829389000803182	3.0	0.7282618927926444	7456.333333333333	
412	2	2.0550500336722286	1.0	0.4668839150063617	7852.0	
413	2	2.83820238518319	2.0	0.8414492321258229	12058.5	
414	2	2.4749246272554797	2.0	0.63661845913231	10500.0	
415	2	2.018366015791725	1.0	0.4092893259046933	5384.0	
416	2	2.8649828024163466	2.0	0.8725566451796235	12707.0	
417	4	4.417880179982144	2.0	0.6784018146993132	10257.5	
419	1	1.6259474933715237	1.0	0.6259474933715238	7937.0	
420	2	2.347854973015866	2.0	0.5815612507369181	12013.0	
421	2	2.25173916997746	2.0	0.5140054468220566	5111.5	
422	2	2.7673207212633035	2.0	0.8029738453097343	14499.5	
423	2	2.0528278738587096	1.0	0.4677142126915477	8465.0	
424	3	3.4599622545786293	3.0	0.6848755218557669	12531.0	
425	3	3.387108521195487	3.0	0.6796843553050764	11870.0	
426	1	1.746524524240121	1.0	0.7465245242401211	13841.0	
427	2	2.803621335604099	2.0	0.8247714970251206	12373.5	
428	2	2.055808868837018	1.0	0.46135162263652946	7376.0	
429	3	3.821473436225241	3.0	0.8368704300951956	11981.0	
430	2	2.8159483299670214	2.0	0.8261486566651937	11630.0	
431	2	2.8210297877878605	2.0	0.8381484722634199	14136.5	
432	1	1.686893008455491	1.0	0.686893008455491	11205.0	
433	2	2.228018487462217	2.0	0.48741300733577864	11825.0	
434	2	2.515234909661011	2.0	0.6672371482657453	8723.0	
435	6	6.7121013413475215	3.0	0.7901524517824627	13480.0	
437	2	2.4547018842166866	2.0	0.6168659110066016	9922.0	
438	1	1.3624300245263925	1.0	0.36243002452639256	6253.0	
439	2	2.4319667581181936	2.0	0.6206560439309894	9947.0	
440	2	2.2486725338591698	2.0	0.5291122592034786	9537.5	
441	2	2.302114017375084	2.0	0.5512967879356597	7870.0	
442	2	2.328734358562553	2.0	0.5452374153476621	11387.5	
443	2	2.2547595234371216	2.0	0.5272176995272859	8198.5	
444	2	2.0362229223385415	1.0	0.456694361781384	7186.5	
445	1	1.547817195251299	1.0	0.547817195251299	11105.0	
446	2	2.630784646174427	2.0	0.7209075737812657	9348.5	
447	2	2.379808046773182	2.0	0.5952300891581209	10439.5	
448	1	1.7719558201957888	1.0	0.7719558201957889	13164.0	
449	2	2.5422514094515885	2.0	0.6806450545327931	10519.0	
450	1	1.3727627647265008	1.0	0.37276276472650083	3553.0	
451	3	3.1543135813660186	2.0	0.6246678036742767	7029.0	
452	2	2.0866647110421246	1.0	0.4745714600491029	7152.0	
453	3	3.01252501672223	2.0	0.5589885049470551	11088.666666666666	
454	1	1.7716353947816257	1.0	0.7716353947816257	14307.0	
455	2	2.4945974904002775	2.0	0.6505160459494782	9962.5	
456	3	3.0206194710643754	2.0	0.5826385335218137	9715.333333333334	
457	4	4.480326806590168	2.0	0.6790883787637942	10433.25	
459	2	2.276736452123995	2.0	0.5136729040976621	5887.5	
460	1	1.3580550833334986	1.0	0.35805508333349845	5688.0	
461	2	2.218819399075709	2.0	0.5268583597812989	7623.5	
462	2	2.2280595997647876	2.0	0.5007184744998836	6794.0	
463	3	3.331159961637325	3.0	0.624702211976262	12519.0	
464	3	3.3838670951548	3.0	0.6697082633807315	12671.666666666666	
465	2	2.0675352591520255	1.0	0.47483153806954803	6713.5	
466	1	1.7293249134426594	1.0	0.7293249134426593	13922.0	
467	2	2.28306843002685	2.0	0.5562225542638548	10877.5	
468	2	2.663487216567971	2.0	0.7388237002653031	9907.5	
469	3	3.0128106390348264	3.0	0.4760820125977661	11392.0	
470	2	2.5238592457798905	2.0	0.6594946653427822	12277.0	
471	1	1.5206303925874132	1.0	0.5206303925874132	11370.0	
472	1	1.760162784674509	1.0	0.7601627846745089	10860.0	
473	4	4.022275989369839	1.0	0.5230497889572264	8180.5	
475	2	2.669040907834349	2.0	0.7264920594149986	15485.5	
476	2	2.6600627098136753	2.0	0.7309922849404633	12740.0	
477	2	2.119561090068673	1.0	0.4968316536395332	8124.5	
478	3	3.078300509885937	2.0	0.6077918298337274	10339.666666666666	
479	3	3.0295467854928373	2.0	0.5839324891500913	10084.333333333334	
480	3	3.0381114461365173	2.0	0.5801482744232758	9039.666666666666	
481	1	1.7397588741816175	1.0	0.7397588741816175	14451.0	
482	2	2.267226094636694	2.0	0.5303479629127399	8066.0	
483	2	2.632425493973426	2.0	0.7241033435280455	14239.5	
484	3	3.020294216947639	2.0	0.5849471468513758	8964.333333333334	
485	3	3.044707408297984	2.0	0.5611966114139337	8585.0	
486	1	1.2864042890905054	1.0	0.28640428909050547	3398.0	
487	1	1.534758743556102	1.0	0.5347587435561021	7773.0	
488	2	2.606302440820321	2.0	0.7112155249711912	11513.0	
489	3	3.749853026365422	3.0	0.804471900933184	11726.0	
490	6	6.009312289574195	2.0	0.5673911269355895	9689.5	
492	2	2.731948106115659	2.0	0.7844262634681797	10149.5	
493	2	2.05585998019822	2.0	0.39000328283444297	9211.5	
494	1	1.5114810489481707	1.0	0.5114810489481708	7831.0	
495	2	2.5026768664353307	2.0	0.6703983085145993	13027.0	
496	3	3.391690367738272	3.0	0.6724392135625743	11169.333333333334	
497	2	2.1172784348115927	1.0	0.49509100885786766	8008.5	
498	3	3.631173789492666	3.0	0.7531266741257974	11012.0	
499	3	3.83525785602007	3.0	0.8445757714883015	14494.666666666666	
500	1	1.4278278311520238	1.0	0.4278278311520239	10835.0	
501	3	3.5155287316572226	3.0	0.7097963191756913	11312.0	
502	1	1.8552103511530453	1.0	0.8552103511530452	16033.0	
503	2	2.5366666504950683	2.0	0.6871557399846616	11853.0	
504	2	2.026553855419489	1.0	0.42194975129106865	7554.5	
505	2	2.2797459182259674	2.0	0.5279319716893168	12207.0	
506	2	2.2362114746691386	2.0	0.5053098531748708	8114.0	
507	2	2.6499546637215223	2.0	0.7267151363631301	13138.5	
508	1	1.5343479849607782	1.0	0.5343479849607781	11742.0	
509	1	1.64496533845686	1.0	0.6449653384568601	10159.0	
510	3	3.0622067858622786	2.0	0.594153493476343	9486.333333333334	
511	2	2.7018464753648592	2.0	0.7503908914452314	13330.5	
512	1	1.6698590312670563	1.0	0.6698590312670564	11766.0	
513	3	3.5768601329628806	3.0	0.7229726716920554	11727.333333333334	
514	1	1.6132489850101357	1.0	0.6132489850101356	9867.0	
515	1	1.8046417178993148	1.0	0.8046417178993148	15916.0	
516	1	1.6154660427982943	1.0	0.6154660427982942	11962.0	
517	1	1.5036860880500704	1.0	0.5036860880500703	10530.0	
518	1	1.0444955831379246	1.0	0.04449558313792462	928.0	
519	2	2.470894141105121	2.0	0.6401349503929391	10793.0	
520	3	3.5798639503939187	3.0	0.7385929323176325	11232.333333333334	
521	2	2.3788321477615786	2.0	0.5814334723339144	11715.0	
522	1	1.3941713642312445	1.0	0.3941713642312445	6039.0	
523	2	2.415095180219138	2.0	0.5992005809566949	8169.0	
524	1	1.6747847634299031	1.0	0.674784763429903	9802.0	
525	3	3.024413191350345	2.0	0.5635554933594369	7495.0	
526	2	2.200599793190313	2.0	0.5048173482892829	7241.5	
527	1	1.7781529360800725	1.0	0.7781529360800724	14466.0	
528	2	2.15106493504837	2.0	0.45170923885457437	8741.5	
529	3	3.08685168660545	2.0	0.6074298745405131	8512.0	
530	1	1.361950912457376	1.0	0.36195091245737615	6826.0	
531	2	2.3051231873773705	2.0	0.5499103239323733	11271.5	
532	2	2.5381186778019282	2.0	0.6936030714921532	8431.5	
533	1	1.4156718913000743	1.0	0.4156718913000742	8530.0	
534	2	2.489680572897317	2.0	0.6495768860758507	13164.0	
535	2	2.4513664806910094	2.0	0.6341861027070048	8170.5	
536	5	5.220306480030024	2.0	0.6795970438591739	8882.0	
538	1	1.7533007883335268	1.0	0.7533007883335266	7085.0	
539	4	4.39330438435033	2.0	0.605380107380779	12972.25	
541	2	2.589664166697017	2.0	0.6933555093776707	13047.5	
542	2	2.026207692109533	1.0	0.4281162208578404	5786.5	
543	1	1.8311215483972774	1.0	0.8311215483972774	13245.0	
544	2	2.4731561832686686	2.0	0.643670858959907	8754.5	
545	2	2.201138580734529	2.0	0.4912867770330415	10868.0	
546	1	1.3994736668641197	1.0	0.3994736668641196	3720.0	
547	2	2.4312860477167377	2.0	0.6090770201520663	12787.0	
548	2	2.3226042978687222	2.0	0.551927070282882	7472.5	
549	3	3.125459031385496	2.0	0.6530653427700455	10340.666666666666	
550	1	1.856855799885628	1.0	0.8568557998856281	12712.0	
551	2	2.840796286764164	2.0	0.8447737027400131	14984.5	
552	2	2.217931942762655	2.0	0.5067476221429996	8444.5	
553	1	1.7406680368793526	1.0	0.7406680368793526	12874.0	
554	3	3.0877081207821595	2.0	0.6206436646864203	9009.333333333334	
555	2	2.3528998283601226	2.0	0.5842665085767665	12831.5	
556	2	2.7154015773412494	2.0	0.7816755315496151	12056.5	
557	2	2.3423084109188537	2.0	0.5713169987891573	10789.0	
558	2	2.7116448011853462	2.0	0.7532278453146997	9902.5	
559	3	3.035233493848973	3.0	0.5293623723306414	11450.0	
560	2	2.623334891956527	2.0	0.7088159672803469	15794.0	
561	3	3.701672277641834	3.0	0.7668545312882806	12426.0	
562	2	2.453409773517222	2.0	0.6275648467992752	8915.0	
563	2	2.0647191916988774	1.0	0.4612961153338343	6328.0	
564	2	2.1651015406681644	2.0	0.46691313776769033	8736.0	
565	2	2.427201375323822	2.0	0.6128413240730662	8627.5	
566	2	2.4050396804328193	2.0	0.6305011421134316	10795.0	
567	1	1.5477280692457813	1.0	0.5477280692457814	6357.0	
568	1	1.690874455942451	1.0	0.6908744559424508	11814.0	
569	2	2.6583530985568036	2.0	0.7301160120847848	10755.0	
570	1	1.702583421929776	1.0	0.702583421929776	7911.0	
571	1	1.6521973910747765	1.0	0.6521973910747765	13589.0	
572	2	2.232577898759554	2.0	0.5022616891216142	7193.0	
573	4	4.70148867305955	2.0	0.75655657520899	11331.75	
575	2	2.1559349321395325	2.0	0.4711735225474103	10176.5	
576	3	3.1354987695577545	2.0	0.6432890725800234	8981.0	
577	3	3.285037492939446	3.0	0.6335516445949785	12373.0	
578	1	1.821879912763566	1.0	0.821879912763566	15033.0	
579	2	2.4879267516796197	2.0	0.6525728568652067	10269.0	
580	2	2.5812722688317296	2.0	0.6897000107028648	12070.5	
581	2	2.7576519504439365	2.0	0.7871910145680362	13468.0	
582	2	2.5605050668008866	2.0	0.6815346177089979	10488.0	
583	2	2.350510804985034	2.0	0.5757898578705563	12455.5	
584	1	1.6704951900542029	1.0	0.6704951900542029	14030.0	
585	4	4.354485761055798	2.0	0.6968587615657961	12166.5	
587	1	1.5224609264007105	1.0	0.5224609264007104	5311.0	
588	4	4.425650268506612	2.0	0.6188250716623876	9283.75	
590	2	2.726171087355261	2.0	0.7670679660158646	11306.5	
591	2	2.5839593962600285	2.0	0.6950170499893484	10648.0	
592	4	4.466024280675352	2.0	0.6578366152908657	11722.25	
594	4	4.2150848987269605	2.0	0.5769461556159189	10928.5	
596	2	2.7298246386052085	2.0	0.7604635991786923	11545.0	
597	1	1.659529935370777	1.0	0.6595299353707771	10153.0	
598	2	2.5174046370531906	2.0	0.6616366390836143	10327.0	
599	1	1.2309552724797004	1.0	0.23095527247970027	1287.0	
600	2	2.273249809989415	2.0	0.540051867098708	5962.0	
601	2	2.021401174235692	1.0	0.44392122491064795	7226.0	
602	2	2.34592617966058	2.0	0.5673405394430634	7608.5	
603	2	2.685012183249354	2.0	0.741483837068369	9786.0	
604	2	2.048700107573016	1.0	0.45444482413534965	6499.5	
605	3	3.0246785877766906	2.0	0.6031220416841697	9537.0	
606	4	4.476412824277842	2.0	0.6539558701683051	11358.75	
608	1	1.4412637643932065	1.0	0.44126376439320647	8368.0	
609	1	1.821367295876222	1.0	0.8213672958762219	9748.0	
610	1	1.2579624337417163	1.0	0.2579624337417163	4587.0	
611	3	3.131457601041797	2.0	0.6452365126232346	9692.333333333334	
612	2	2.294658933362834	2.0	0.5549005830498919	8685.0	
613	3	3.4890117520371033	3.0	0.7045118280777802	9716.333333333334	
614	1	1.5491211954920052	1.0	0.5491211954920052	8216.0	
615	2	2.258258875081305	2.0	0.4637881358458895	9207.5	
616	2	2.7568321187438096	2.0	0.7805222346606867	11536.0	
617	3	3.196069672985001	2.0	0.6617898365058251	9748.666666666666	
618	1	1.7088365006547335	1.0	0.7088365006547334	9528.0	
619	1	1.8107643988778914	1.0	0.8107643988778915	12174.0	
620	1	1.4478043331364727	1.0	0.4478043331364726	4085.0	
621	4	4.243919997235796	2.0	0.5428477826905271	8648.25	
623	1	1.521447377175174	1.0	0.5214473771751739	10590.0	
624	2	2.5859819165544167	2.0	0.692691756377469	8729.0	
625	1	1.5788720619992656	1.0	0.5788720619992656	6203.0	
626	3	3.050614779250965	2.0	0.6106749676619283	10882.666666666666	
627	1	1.572908090452441	1.0	0.572908090452441	9821.0	
628	1	1.8547879080085696	1.0	0.8547879080085695	14782.0	
629	2	2.291558883533812	2.0	0.5439547342843554	10776.5	
630	2	2.5138187104161696	2.0	0.6668563185156168	11408.5	
631	5	5.232464310364584	2.0	0.6218923808380409	10267.8	
633	1	1.8051305557041748	1.0	0.8051305557041748	15153.0	
634	2	2.482557507740786	2.0	0.6373434136599395	9900.5	
635	1	1.4988213068687632	1.0	0.49882130686876336	9431.0	
636	2	2.103042964087231	1.0	0.4908334711905141	6983.5	
637	1	1.4537321577446933	1.0	0.45373215774469344	4062.0	
638	2	2.1595302200820137	2.0	0.469606096082116	9512.5	
639	2	2.062768578074415	1.0	0.4548582134625002	5676.5	
640	5	5.29766022255809	2.0	0.6082302821012318	11130.6	
642	1	1.489798602787578	1.0	0.4897986027875781	4848.0	
643	2	2.1535420139147265	2.0	0.46138373806402233	8843.5	
644	2	2.297400702571669	2.0	0.565376908820862	10955.0	
645	4	4.024614083598918	2.0	0.6419462035612912	8176.25	
647	2	2.7931133499436145	2.0	0.8199321576399197	12842.0	
648	1	1.5070174372877378	1.0	0.5070174372877378	10694.0	
649	2	2.5885628808567978	2.0	0.698719582960447	12072.0	
650	2	2.184707599168397	2.0	0.47845344081843044	9590.0	
651	4	4.104083868368384	2.0	0.5454495024420594	7747.25	
653	1	1.746859253546813	1.0	0.746859253546813	11763.0	
654	2	2.0827117574557277	1.0	0.4900024332561128	7092.0	
655	1	1.6789110264402671	1.0	0.678911026440267	10493.0	
656	1	1.3842125979346864	1.0	0.3842125979346865	7329.0	
657	3	3.14642120367119	2.0	0.6322682574478049	8442.666666666666	
658	2	2.3178561571868417	2.0	0.5449945111090111	9105.0	
659	2	2.274172593272711	2.0	0.5274735068791815	9520.0	
660	2	2.814397132042216	2.0	0.8367760502183246	12940.5	
661	2	2.3316441985086005	2.0	0.5681781485128063	10906.5	
662	1	1.1668950620206986	1.0	0.1668950620206986	2813.0	
663	3	3.4834608623292938	3.0	0.6919256250127218	10576.333333333334	
664	2	2.139206393165764	2.0	0.4576264152625449	10147.0	
665	1	1.5177208031872533	1.0	0.5177208031872534	7190.0	
666	2	2.093837725938011	1.0	0.4796979477991286	6727.0	
667	1	1.3401088457890742	1.0	0.34010884578907413	4750.0	
668	2	2.7157595618617503	2.0	0.7753970907476979	11088.0	
669	1	1.6095096331819148	1.0	0.6095096331819148	8743.0	
670	1	1.6251072535699542	1.0	0.6251072535699543	9991.0	
671	3	3.128611946396937	3.0	0.5657546485050355	11350.666666666666	
672	1	1.737578213877951	1.0	0.7375782138779509	10415.0	
673	1	1.5424095722377662	1.0	0.5424095722377663	9103.0	
674	3	3.4988321258957558	3.0	0.6979884938547054	13077.0	
675	1	1.065402225344024	1.0	0.06540222534402398	1555.0	
676	3	3.0712808746274525	2.0	0.6100456874982589	10765.0	
677	1	1.5688188171259412	1.0	0.5688188171259412	7760.0	
678	1	1.6192197668497406	1.0	0.6192197668497406	10689.0	
679	2	2.4171217320246363	2.0	0.631386878770616	10803.5	
680	1	1.6729482620690859	1.0	0.6729482620690859	10244.0	
681	2	2.614373753833153	2.0	0.7217654201257089	9963.0	
682	1	1.4948397454973088	1.0	0.49483974549730886	14185.0	
683	1	1.317992978018721	1.0	0.31799297801872095	3323.0	
684	3	3.1458452214510193	2.0	0.6384502418788985	9167.0	
685	2	2.1367779202017267	2.0	0.46622715451413194	8932.5	
686	2	2.0634005459121583	1.0	0.4924199505317643	6919.0	
687	1	1.715389163931332	1.0	0.7153891639313319	10328.0	
688	1	1.1962415246874367	1.0	0.1962415246874366	3342.0	
689	2	2.6936979486646506	2.0	0.7411020734653843	10683.0	
690	2	2.3160805384768675	2.0	0.5483215896781289	8459.0	
691	2	2.6977763346334616	2.0	0.7335594692189913	10798.5	
692	2	2.4792590711220743	2.0	0.65052815187126	10252.5	
693	2	2.4997525859353606	2.0	0.6629218483827024	9740.0	
694	1	1.7216662495077628	1.0	0.7216662495077627	13537.0	
695	1	1.7981654938955292	1.0	0.7981654938955292	10680.0	
696	2	2.206161729694104	2.0	0.4945768317529468	8709.5	
697	4	4.094703612527777	2.0	0.45878586760840945	9217.5	
699	1	1.2891487231965155	1.0	0.28914872319651547	4502.0	
700	2	2.8428519018926988	2.0	0.8429860692158526	13253.5	
701	3	3.3733493837584723	3.0	0.6474464716112263	11491.666666666666	
702	2	2.2878016518399305	2.0	0.5490130393874308	10219.5	
703	2	2.129393490129961	1.0	0.4973650202818035	7982.0	
704	4	4.272338210163494	2.0	0.5414783956672143	9526.25	
706	1	1.4249309512614678	1.0	0.4249309512614678	4366.0	
707	2	2.1115532334962634	1.0	0.49093781216451765	6942.5	
708	2	2.4249184922977527	2.0	0.6179109037411125	7497.5	
709	2	2.313568405963056	2.0	0.5716122785069004	10023.5	
710	2	2.573384674285676	2.0	0.6777941042589316	14219.5	
711	3	3.6222399380942107	3.0	0.7314955291338973	10168.666666666666	
712	1	1.3503080450307492	1.0	0.35030804503074914	7371.0	
713	1	1.5261423565749492	1.0	0.5261423565749493	8002.0	
714	2	2.2495659349428445	2.0	0.529033747232863	8539.0	
715	1	1.2541035487479049	1.0	0.2541035487479049	7418.0	
716	2	2.3590951904231887	2.0	0.5850713530773971	10292.0	
717	2	2.3963309103496018	2.0	0.5984781546648467	9927.5	
718	1	1.794215888513275	1.0	0.7942158885132751	13868.0	
719	1	1.6302832582982565	1.0	0.6302832582982564	12123.0	
720	5	5.020214201701695	2.0	0.669560239351498	11031.4	
722	2	2.283552165806349	2.0	0.5544628452177839	8956.5	
723	2	2.440975203860648	2.0	0.6298273331123518	10240.0	
724	2	2.0959368677204036	1.0	0.49216129606750236	7179.0	
725	1	1.5529648655173307	1.0	0.5529648655173307	9537.0	
726	2	2.6397859399706176	2.0	0.7483804429072771	11573.0	
727	3	3.17092336158876	2.0	0.6506657129523546	11247.0	
728	2	2.7505101171226864	2.0	0.7896232798857457	14887.5	
729	2	2.730899639904061	2.0	0.7789245149198141	11505.5	
730	2	2.6430400982978073	2.0	0.7202229913069915	9222.0	
731	2	2.0246140835989177	1.0	0.41639118576831935	4575.5	
732	2	2.281900795080044	2.0	0.5388475499561738	9148.0	
733	1	1.5407330785919404	1.0	0.5407330785919403	12241.0	
734	2	2.3113911849711277	2.0	0.5492869543739766	7102.0	
735	2	2.4693537394304084	2.0	0.6375761707901167	10805.0	
736	2	2.020294216947639	1.0	0.4259593851904558	7738.5	
737	1	1.3168351371384557	1.0	0.31683513713845574	7522.0	
738	1	1.5515187829810921	1.0	0.551518782981092	10941.0	
739	2	2.4679272678041495	2.0	0.6287602923396757	10008.5	
740	1	1.7821922368903174	1.0	0.7821922368903174	11623.0	
741	1	1.474458816895439	1.0	0.47445881689543895	7624.0	
742	3	3.4242123856539886	3.0	0.6662906732114112	11510.666666666666	
743	1	1.477513814018375	1.0	0.477513814018375	8749.0	
744	2	2.8623079289596722	2.0	0.865599145301423	14017.5	
745	2	2.0523966160543474	1.0	0.39300384316893355	7193.5	
746	1	1.6482524777337022	1.0	0.6482524777337022	10430.0	
747	2	2.5278056168424965	2.0	0.658298980644943	10787.5	
748	3	3.064499303516596	2.0	0.5577435044668801	8962.333333333334	
749	2	2.4091241478336447	2.0	0.5963462141479937	10343.5	
750	2	2.3232804073365942	2.0	0.555535921868677	8318.0	
751	1	1.6682616417912182	1.0	0.6682616417912182	12415.0	
752	2	2.431100985412922	2.0	0.6082875956120122	11392.0	
753	1	1.6176856515991331	1.0	0.617685651599133	13634.0	
754	1	1.5589678083382263	1.0	0.5589678083382263	7481.0	
755	2	2.248730683282141	2.0	0.5009362216536652	12619.0	
756	3	3.0472539567060806	2.0	0.5446147328923832	7952.333333333333	
757	3	3.370175992314892	3.0	0.6367472131458178	13709.0	
758	2	2.4164464197482274	2.0	0.6098055392643786	9769.5	
759	4	4.009312289574195	1.0	0.5997293865249542	10924.0	
761	2	2.287983365939603	2.0	0.5299514854330457	10883.5	
762	1	1.8295970905518166	1.0	0.8295970905518166	13660.0	
763	2	2.223549477676737	2.0	0.5134327558637817	7251.0	
764	2	2.317392442301503	2.0	0.5390347305115899	7640.5	
765	2	2.7852256870668644	2.0	0.8406317692231845	16325.0	
766	1	1.6186118286403697	1.0	0.6186118286403697	12923.0	
767	1	1.4655594041681679	1.0	0.46555940416816793	9379.0	
768	3	3.2500045269086626	3.0	0.6195396076568311	11547.666666666666	
769	2	2.2336423771311007	2.0	0.5192104351542485	10417.5	
770	2	2.6015389940623583	2.0	0.6961494718504064	8990.0	
771	2	2.51592812457998	2.0	0.6713210917978952	12712.0	
772	3	3.0938191855422814	2.0	0.6213798216521741	10240.333333333334	
773	2	2.7963518377643397	2.0	0.8285025352852315	12891.5	
774	4	4.292763007072706	2.0	0.5821533646957565	10739.5	
776	3	3.40080912200225	3.0	0.6605893648630604	13319.333333333334	
777	2	2.4653775761840007	2.0	0.6429843290607743	10031.0	
778	2	2.3448865281088684	2.0	0.5770248441075012	9081.5	
779	1	1.1263223897394807	1.0	0.1263223897394808	2570.0	
780	3	3.070743635912364	2.0	0.5914522064092083	10482.0	
781	3	3.021384660983967	2.0	0.5873133629583347	9793.0	
782	1	1.7761073200101685	1.0	0.7761073200101685	10311.0	
783	1	1.7964270243077114	1.0	0.7964270243077115	8243.0	
784	2	2.5722510680258734	2.0	0.6898882503840812	12638.0	
785	2	2.6121863287905036	2.0	0.7000973803536902	13816.5	
786	1	1.7508145759306988	1.0	0.7508145759306988	14511.0	
787	1	1.1922277340039946	1.0	0.19222773400399457	3710.0	
788	2	2.8925796575916896	2.0	0.9015980796158758	14158.5	
789	2	2.1251530237483562	1.0	0.4704319864373589	6816.0	
790	2	2.3101531466297263	2.0	0.5501985200345489	13309.0	
791	1	1.6338124476800395	1.0	0.6338124476800396	9672.0	
792	2	2.552420998724653	2.0	0.6857958793993267	11433.5	
793	1	1.3034585604958877	1.0	0.3034585604958877	6883.0	
794	2	2.756499553242516	2.0	0.7764726500805744	12479.0	
795	2	2.073498046300106	2.0	0.42531623389533735	8796.0	
796	2	2.2960321753762907	2.0	0.5598650131640226	8501.0	
797	1	1.7019119589492862	1.0	0.7019119589492862	11471.0	
798	1	1.8166804933831628	1.0	0.8166804933831628	14209.0	
799	2	2.5730856363796093	2.0	0.7019960968139378	13029.0	
800	2	2.6321611225075325	2.0	0.7259844876107677	10271.0	
801	2	2.2299513578824115	2.0	0.5210136936310756	10189.0	
802	1	1.4272999765192949	1.0	0.4272999765192949	7403.0	
803	1	1.330019476754045	1.0	0.330019476754045	5438.0	
804	1	1.283014744876069	1.0	0.283014744876069	4721.0	
805	2	2.2654257857682785	2.0	0.5090096301411988	12093.0	
806	2	2.789118942401163	2.0	0.8248421965194028	12484.5	
807	2	2.0206505387545177	1.0	0.4265457992303367	6758.5	
808	2	2.639838919037531	2.0	0.7210916452899776	15385.5	
809	2	2.2760037420622794	2.0	0.5441147306108971	11149.0	
810	2	2.4359703447509142	2.0	0.6365031396930216	10175.5	
811	1	1.439266640341127	1.0	0.4392666403411269	9457.0	
812	2	2.840972374969801	2.0	0.858765825076195	11452.5	
813	1	1.4912533177685117	1.0	0.49125331776851167	10336.0	
814	2	2.5977779814032544	2.0	0.7071602006125483	11224.0	
815	2	2.0534748744497473	1.0	0.45272548714263416	8024.5	
816	2	2.606213497029995	2.0	0.705755811189803	9389.0	
817	2	2.2366814532016837	2.0	0.5168054337845597	7387.0	
818	2	2.765882587864792	2.0	0.8023807120846687	15015.5	
819	1	1.4479013855028182	1.0	0.44790138550281816	5822.0	
820	1	1.7387037343386327	1.0	0.7387037343386328	11492.0	
821	2	2.394019487869172	2.0	0.5910680664164351	8140.0	
822	1	1.130481018723226	1.0	0.1304810187232259	2666.0	
823	1	1.678421892535721	1.0	0.6784218925357209	16126.0	
824	1	1.5365134758497565	1.0	0.5365134758497565	11433.0	
825	2	2.2883414187908	2.0	0.5556522321030688	7723.5	
826	2	2.2158695856720367	2.0	0.5071329161653186	8715.0	
827	2	2.0246140835989177	1.0	0.41220968877804737	7952.0	
828	1	1.0866581057414344	1.0	0.08665810574143441	1180.0	
829	2	2.615173086324242	2.0	0.6978505417701791	10969.5	
830	1	1.6621465682968846	1.0	0.6621465682968845	8460.0	
831	2	2.078447466437841	1.0	0.4618692390531889	5631.0	
832	2	2.495062571899552	2.0	0.636504346868665	8157.0	
833	1	1.8594948452802837	1.0	0.8594948452802837	15150.0	
834	2	2.3992782182943917	2.0	0.5910090286944056	13746.5	
835	2	2.84822055363216	2.0	0.8564412944904298	15617.0	
836	1	1.4131110845532469	1.0	0.41311108455324697	5070.0	
837	2	2.846720649283747	2.0	0.8732787070410888	13954.0	
838	1	1.2815900726248255	1.0	0.28159007262482555	4354.0	
839	1	1.2356744409461404	1.0	0.23567444094614054	4312.0	
840	3	3.295830964251133	3.0	0.6174349462725981	12084.333333333334	
841	3	3.254859878453812	3.0	0.6105119685808775	12627.333333333334	
842	2	2.5553031875153986	2.0	0.6941283865006513	13682.5	
843	2	2.3989403229987483	2.0	0.6160129275300802	11411.5	
844	2	2.5703807429701437	2.0	0.6908620653094323	10193.5	
845	2	2.294303682070205	2.0	0.5585384979587229	7830.5	
846	2	2.2022530316223303	2.0	0.5040584334053471	7422.0	
847	1	1.391469705141427	1.0	0.3914697051414271	4486.0	
848	2	2.3324951434526677	2.0	0.5565440160269194	7067.5	
849	2	2.4841991527312475	2.0	0.6451404472558426	13136.0	
850	2	2.540566761675945	2.0	0.665936815105767	11248.5	
851	3	3.261764285380604	3.0	0.6125683884931744	12046.666666666666	
852	3	3.026072215114691	2.0	0.6011963004333404	9498.666666666666	
853	1	1.5073474973301488	1.0	0.5073474973301488	6367.0	
854	3	3.5050483288213434	3.0	0.7053739412946233	10574.333333333334	
855	2	2.05585998019822	1.0	0.4383668617257514	7701.5	
856	2	2.2378011199993404	2.0	0.5142795895775917	9801.0	
857	1	1.827126730870645	1.0	0.8271267308706449	12804.0	
858	1	1.7100819642651865	1.0	0.7100819642651867	9039.0	
859	1	1.6517131769803997	1.0	0.6517131769803995	7975.0	
860	2	2.094414345911352	1.0	0.4761366657667514	4711.5	
861	2	2.036662972025891	1.0	0.44755698740252997	7127.0	
862	1	1.8307227021200942	1.0	0.8307227021200942	10475.0	
863	2	2.674337926226672	2.0	0.7344537586017243	7389.5	
864	1	1.5954055168336885	1.0	0.5954055168336885	10703.0	
865	1	1.8078905464321549	1.0	0.8078905464321549	15751.0	
866	4	4.046300880147206	3.0	0.6693349746822241	11028.75	
867	2	2.009708425400406	1.0	0.4460757259458922	5353.5	
868	2	2.517057881543863	2.0	0.6572534754302061	13719.5	
869	2	2.72784241064503	2.0	0.7506513225076099	11492.0	
870	2	2.626254093208036	2.0	0.7402241037307353	11832.0	
871	2	2.047388795947753	1.0	0.4487465906683546	7382.5	
872	2	2.1460106272910573	2.0	0.4306669488268906	10170.0	
873	1	1.7189813769924576	1.0	0.7189813769924577	13694.0	
874	2	2.382158167204896	2.0	0.6057030895018471	10921.0	
875	2	2.425387946961622	2.0	0.6125431744660577	7459.0	
876	2	2.773954789176682	2.0	0.8376656703367767	10378.0	
877	2	2.3501263081541777	2.0	0.5364792193937641	12400.5	
878	2	2.4047061127479727	2.0	0.6072481034985932	10070.5	
879	2	2.169161112918458	2.0	0.4775721456565376	9159.0	
880	3	3.1046791426219484	2.0	0.6333924872175474	8992.0	
881	2	2.6728065214270376	2.0	0.732946235380619	10469.0	
882	2	2.0879052320655096	1.0	0.47438903986556347	6566.5	
883	3	3.4765056629178854	3.0	0.6990712241145953	12074.666666666666	
884	2	2.258881709382577	2.0	0.5190203049904208	9504.0	
885	3	3.049140612798344	2.0	0.6070035289540205	9917.333333333334	
886	2	2.317297075425678	2.0	0.5605986115247965	11001.5	
887	3	3.0246140835989177	2.0	0.5419587111157242	9380.333333333334	
888	2	2.41773174293181	2.0	0.6091634470950605	11513.5	
889	1	1.4124910973643416	1.0	0.41249109736434153	8162.0	
890	1	1.3330405590744725	1.0	0.33304055907447255	5072.0	
891	2	2.024413191350345	1.0	0.43135971959633046	7115.5	
892	2	2.106720567742449	2.0	0.44998918438954255	8609.0	
893	1	1.6668274715731206	1.0	0.6668274715731205	11612.0	
894	1	1.2793866809760257	1.0	0.27938668097602565	3369.0	
895	2	2.177186530479944	2.0	0.4883187421102246	8591.5	
896	2	2.2618407702072147	2.0	0.5243628771806063	10079.0	
897	1	1.84053043479984	1.0	0.8405304347998399	13110.0	
898	1	1.4286197839278594	1.0	0.4286197839278594	8014.0	
899	3	3.0304463363392236	2.0	0.5650380189339653	8041.0	
900	1	1.4960037589171844	1.0	0.4960037589171844	9520.0	
901	2	2.5320411634139317	2.0	0.6680137608001506	12018.5	
902	2	2.812843884196506	2.0	0.8133570021756266	13253.5	
903	2	2.573890845310623	2.0	0.7057994631166046	8795.5	
904	2	2.342316200618288	2.0	0.5670631965332285	10295.0	
905	2	2.3981557043843686	2.0	0.6065108380570914	5868.0	
906	2	2.7276046653739865	2.0	0.7444640234667657	15275.5	
907	2	2.576178784808255	2.0	0.68387817839382	12113.0	
908	3	3.263314139468373	3.0	0.6046199720346753	12964.666666666666	
909	1	1.797571905132485	1.0	0.7975719051324849	14944.0	
910	2	2.7681574761993364	2.0	0.7833492008599737	14060.5	
911	2	2.0531391429595023	1.0	0.46594698726882955	6213.5	
912	2	2.1573973229354055	1.0	0.49958312580731296	6205.0	
913	2	2.11048080598699	1.0	0.4821379344855756	5478.0	
914	1	1.7592898827998722	1.0	0.7592898827998722	10029.0	
915	1	1.644020826011984	1.0	0.6440208260119838	5927.0	
916	1	1.5444025281173415	1.0	0.5444025281173415	4733.0	
917	3	3.7100823742493674	3.0	0.7840113670695498	16118.0	
918	2	2.1307670054662053	1.0	0.49747237919491544	6673.0	
919	2	2.660476816613142	2.0	0.7687691156547836	13750.5	
920	2	2.2650431110893363	2.0	0.5359704518023394	8755.0	
921	1	1.6638296672434005	1.0	0.6638296672434005	11982.0	
922	2	2.0246140835989177	2.0	0.3630439758370812	8759.0	
923	2	2.0246140835989177	1.0	0.44159446218878756	7336.5	
924	2	2.2316268493446847	2.0	0.518044929847493	8976.0	
925	2	2.6379235868295132	2.0	0.7262038291474746	15212.0	
926	1	1.7096196159937835	1.0	0.7096196159937835	7615.0	
927	1	1.5669841379170384	1.0	0.5669841379170385	10713.0	
928	1	1.468673621228325	1.0	0.4686736212283249	12182.0	
929	2	2.534690686182096	2.0	0.6905906557817689	10870.5	
930	2	2.300816690765765	2.0	0.534725375399168	6660.5	
931	2	2.296071807180431	2.0	0.5363477739100325	11124.0	
932	2	2.762147176440086	2.0	0.7898925483849094	14511.0	
933	2	2.7423911548372906	2.0	0.778763653071113	13910.5	
934	1	1.3936599317426448	1.0	0.3936599317426448	4674.0	
935	1	1.365983904066617	1.0	0.3659839040666171	6281.0	
936	2	2.4483491337820062	2.0	0.6134957954869533	9867.0	
937	1	1.5256147752650075	1.0	0.5256147752650075	8775.0	
938	2	2.6391795505903737	2.0	0.7016730520563975	12200.0	
939	2	2.3255339537168402	2.0	0.5479466363679246	12820.0	
940	3	3.5709968580862306	3.0	0.7289457464061527	10944.0	
941	3	3.6579150987903577	3.0	0.7481365364850731	15116.0	
942	1	1.6562780547334803	1.0	0.6562780547334803	10565.0	
943	2	2.307340381826923	2.0	0.5621896462458329	10125.0	
944	1	1.5934738080353392	1.0	0.5934738080353392	11206.0	
945	1	1.6658014861607677	1.0	0.6658014861607676	11499.0	
946	4	4.278295804178618	2.0	0.6175901879214879	9212.0	
948	2	2.8098519563067104	2.0	0.8303545363257714	13786.0	
949	2	2.0293439344309565	1.0	0.43164584300070336	7012.5	
950	2	2.383162742332254	2.0	0.6137131212681047	9020.0	
951	4	4.055729741890131	3.0	0.6723593425703225	12553.25	
952	2	2.063405602383721	1.0	0.4551274364078662	5532.0	
953	1	1.80814551103879	1.0	0.80814551103879	10554.0	
954	3	3.294013094393642	3.0	0.6242213536783275	11612.666666666666	
955	2	2.6649626813038307	2.0	0.7340132192110479	13423.5	
956	2	2.3325503318787777	2.0	0.5676022232348832	8768.5	
957	3	3.2959360113090037	3.0	0.6374043798260784	11484.0	
958	2	2.5118039342674185	2.0	0.6565017580463325	10557.5	
959	2	2.468412916843159	2.0	0.6307343547815875	11476.0	
960	2	2.326800759281592	2.0	0.5643752491365677	11614.5	
961	2	2.033012951195278	1.0	0.44444165427432536	7677.5	
962	2	2.070914007116369	1.0	0.4713158553888309	5042.5	
963	2	2.028491850641943	1.0	0.4495807034841116	6742.0	
964	2	2.0420267495089814	1.0	0.4150044142768973	6982.5	
965	2	2.12767044050272	2.0	0.4674479735199417	8610.5	
966	1	1.699017106202735	1.0	0.6990171062027349	14318.0	
967	3	3.193089019660176	1.0	0.5326286479680626	11548.666666666666	
969	2	2.316337826327193	2.0	0.5627279326982724	6102.5	
970	2	2.0133948209386117	2.0	0.4129897292357419	8647.5	
971	2	2.0622067858622786	1.0	0.4454659314192584	6739.5	
972	1	1.3503145136700456	1.0	0.3503145136700456	6094.0	
973	3	3.009708425400406	2.0	0.5876701175262931	10902.666666666666	
974	1	1.3328747660271527	1.0	0.3328747660271528	5480.0	
975	2	2.765479687299599	2.0	0.8068539583733495	11324.0	
976	3	3.1691940027605146	2.0	0.6398701309813665	9352.666666666666	
977	3	3.781649964480565	3.0	0.8260541818845771	12030.0	
978	1	1.2445464075101995	1.0	0.24454640751019954	4811.0	
979	2	2.1027152045116115	1.0	0.4809399151555959	6398.5	
980	2	2.8009399935081283	2.0	0.8317833084188224	11369.0	
981	1	1.454747346906953	1.0	0.45474734690695295	5539.0	
982	1	1.7827587439205326	1.0	0.7827587439205325	11885.0	
983	1	1.5493689398216792	1.0	0.5493689398216792	8122.0	
984	3	3.528868386946623	3.0	0.7170198380488082	11766.333333333334	
985	2	2.5681761213688015	2.0	0.6891240284826944	11674.5	
986	2	2.7878016632283797	2.0	0.831369383834547	14077.0	
987	1	1.7502725085130368	1.0	0.7502725085130368	12406.0	
988	2	2.0980281286957654	1.0	0.48690278202282233	6893.5	
989	1	1.813710066885958	1.0	0.813710066885958	12245.0	
990	2	2.280666469373168	2.0	0.529939333957466	10329.0	
991	1	1.6289922408899407	1.0	0.6289922408899408	12586.0	
992	2	2.3743940917817463	2.0	0.609364680997117	8910.0	
993	2	2.478999505581855	2.0	0.6446045409893415	9358.0	
994	2	2.6975070889111965	2.0	0.7491763474750771	14372.0	
995	1	1.8714938067448	1.0	0.8714938067448	15079.0	
996	2	2.785213956963915	2.0	0.7985826983532507	14098.0	
997	1	1.6976082411193496	1.0	0.6976082411193497	13272.0	
998	2	2.391918227835179	2.0	0.5990987340531243	10188.0	
999	2	2.465830517596145	2.0	0.6286058535764731	6654.5	
1000	2	2.809256112630672	2.0	0.8299703697599495	10952.0	
1001	2	2.066800795269092	1.0	0.46840647098076166	6669.0	
1002	4	4.195562180899916	2.0	0.5270930586421101	8143.5	
1004	4	4.419242944622093	2.0	0.7178524456911608	12797.75	
1006	2	2.0346846616923284	1.0	0.4397575736206885	6650.5	
1007	2	2.2846765246451852	2.0	0.5452478471673726	10177.0	
1008	2	2.02838791965212	1.0	0.4335411087607629	7884.5	
1009	2	2.384586867937923	2.0	0.6019450720049523	9663.5	
1010	4	4.359521163986999	2.0	0.6153506265571854	10235.0	
1012	3	3.1538476343445843	2.0	0.6460791060376936	11198.0	
1013	3	3.4501958847473424	3.0	0.6843472724234565	8317.666666666666	
1014	1	1.6808870135301386	1.0	0.6808870135301385	8742.0	
1015	1	1.8030824569522874	1.0	0.8030824569522874	11651.0	
1016	2	2.270031753047031	2.0	0.5370463186233515	7258.5	
1017	3	3.1584028319156197	2.0	0.6305388910272601	8642.666666666666	
1018	2	2.370307323914129	2.0	0.5915631906454001	12152.5	
1019	1	1.6704589747849024	1.0	0.6704589747849024	15763.0	
1020	3	3.0522775384267353	2.0	0.5983359622809694	9527.0	
1021	2	2.5611930202562023	2.0	0.6854154482449295	13334.5	
1022	1	1.6349000218271024	1.0	0.6349000218271023	13411.0	
1023	2	2.5825940806073997	2.0	0.6922733789094525	12147.0	
1024	1	1.4334097657730767	1.0	0.43340976577307655	7430.0	
1025	3	3.480402790325002	3.0	0.6844535646184684	13783.666666666666	
1026	1	1.585835552201885	1.0	0.585835552201885	6972.0	
1027	2	2.26423498671526	2.0	0.5237319343033149	9900.0	
1028	4	4.268026292649942	2.0	0.5310825862339658	9336.25	
1030	1	1.5948637682926115	1.0	0.5948637682926116	7522.0	
1031	2	2.3166589350483244	2.0	0.5540756265475052	6391.0	
1032	1	1.7456336058384299	1.0	0.7456336058384299	13024.0	
1033	1	1.3108488214537797	1.0	0.3108488214537798	2496.0	
1034	1	1.37028087993447	1.0	0.37028087993446995	3901.0	
1035	1	1.813525574004616	1.0	0.8135255740046159	12030.0	
1036	1	1.6736369899389656	1.0	0.6736369899389655	11374.0	
1037	5	5.0311729877458236	2.0	0.6698274898174165	10591.8	
1039	1	1.7698964468789304	1.0	0.7698964468789306	11231.0	
1040	1	1.275606945706	1.0	0.2756069457059999	3706.0	
1041	2	2.8523775199022836	2.0	0.8582052742050503	14264.5	
1042	2	2.7849732506960105	2.0	0.8182396062803472	11151.0	
1043	2	2.3704196368027586	2.0	0.5892301870532326	8904.5	
1044	3	3.486951012106309	3.0	0.7028294883612286	12311.666666666666	
1045	1	1.494505266736505	1.0	0.4945052667365052	8194.0	
1046	2	2.070692114566982	1.0	0.44803198824128926	5181.0	
1047	3	3.1811928275636374	2.0	0.6333476167266531	9233.666666666666	
1048	2	2.782938294214807	2.0	0.7996963064957916	11636.5	
1049	1	1.5875709696852458	1.0	0.5875709696852458	7066.0	
1050	2	2.6561969006425885	2.0	0.7327774813364382	11446.5	
1051	2	2.0989211425721583	1.0	0.4942600392541632	6002.0	
1052	1	1.1881910297602278	1.0	0.1881910297602278	2152.0	
1053	1	1.339410004976069	1.0	0.3394100049760691	6607.0	
1054	1	1.4919753682415275	1.0	0.4919753682415275	9479.0	
1055	3	3.6133871724559508	3.0	0.7257883595302216	12241.333333333334	
1056	2	2.5709562240985377	2.0	0.6897612463956412	10956.0	
