0.0 6
2.0 0
3.0 1
4.0 3
5.0 4
6.0 3
7.0 2
8.0 2
9.0 2
10.0 4
11.0 5
12.0 4
13.0 3
14.0 2
15.0 2
16.0 3
17.0 5
18.0 5
19.0 2
20.0 7
21.0 4
22.0 6
23.0 6
24.0 3
25.0 3
26.0 4
27.0 2
28.0 2
29.0 4
30.0 4
31.0 4
33.0 5
32.0 6
34.0 4
35.0 2
36.0 5
37.0 0
38.0 2
39.0 1
40.0 2
41.0 3
42.0 5
43.0 3
44.0 5
45.0 0
46.0 6
47.0 3
48.0 4
49.0 3
50.0 4
51.0 0
52.0 1
53.0 6
54.0 3
55.0 2
56.0 0
57.0 6
58.0 1
59.0 6
60.0 6
61.0 4
62.0 1
63.0 5
65.0 6
66.0 6
67.0 6
64.0 6
69.0 6
70.0 4
71.0 5
68.0 2
75.0 2
72.0 3
73.0 1
74.0 4
77.0 0
78.0 5
79.0 3
76.0 6
81.0 3
82.0 6
83.0 6
80.0 3
86.0 3
87.0 2
84.0 1
85.0 3
91.0 6
88.0 5
89.0 3
90.0 5
92.0 4
93.0 3
94.0 3
95.0 6
96.0 7
97.0 6
98.0 2
99.0 5
100.0 7
101.0 3
102.0 6
103.0 5
106.0 6
105.0 1
104.0 2
107.0 2
109.0 1
110.0 3
111.0 4
108.0 1
112.0 2
113.0 3
114.0 3
115.0 5
117.0 7
119.0 4
118.0 6
116.0 5
121.0 1
122.0 1
123.0 1
120.0 6
127.0 5
125.0 1
126.0 7
124.0 5
128.0 2
130.0 2
131.0 6
132.0 5
133.0 3
134.0 6
135.0 2
129.0 1
137.0 4
142.0 5
143.0 5
138.0 6
139.0 6
140.0 4
136.0 2
141.0 4
150.0 2
151.0 5
149.0 5
144.0 7
146.0 6
147.0 5
148.0 3
145.0 3
157.0 5
152.0 1
153.0 5
158.0 2
159.0 0
154.0 4
155.0 7
156.0 1
165.0 3
166.0 2
162.0 3
163.0 1
160.0 1
161.0 3
164.0 0
167.0 0
175.0 5
168.0 3
172.0 7
169.0 5
170.0 2
173.0 4
174.0 7
171.0 2
182.0 5
176.0 4
177.0 1
179.0 6
180.0 6
181.0 7
183.0 4
178.0 4
190.0 1
191.0 5
184.0 1
185.0 1
186.0 4
187.0 4
188.0 2
189.0 4
196.0 5
197.0 3
192.0 6
198.0 3
199.0 5
194.0 6
193.0 1
195.0 4
200.0 4
206.0 2
201.0 2
202.0 6
203.0 6
207.0 3
204.0 5
205.0 6
210.0 7
211.0 3
212.0 4
213.0 4
208.0 1
214.0 7
215.0 4
209.0 3
222.0 3
216.0 5
217.0 5
218.0 0
219.0 5
220.0 1
221.0 0
223.0 1
231.0 7
228.0 1
229.0 2
225.0 1
226.0 6
227.0 0
224.0 1
230.0 3
236.0 7
237.0 1
232.0 5
233.0 5
238.0 2
234.0 6
239.0 6
235.0 6
245.0 6
246.0 7
243.0 4
240.0 2
241.0 6
247.0 6
244.0 2
242.0 1
248.0 7
249.0 6
253.0 7
250.0 4
251.0 2
252.0 5
254.0 5
255.0 4
270.0 7
259.0 5
258.0 4
257.0 2
256.0 1
263.0 1
261.0 4
260.0 2
268.0 1
269.0 4
262.0 3
264.0 7
265.0 2
266.0 4
267.0 3
271.0 6
284.0 1
283.0 2
282.0 4
278.0 0
276.0 2
277.0 7
275.0 3
272.0 4
281.0 3
287.0 3
285.0 4
286.0 1
280.0 1
273.0 4
274.0 5
279.0 2
288.0 3
303.0 6
297.0 2
296.0 3
293.0 1
292.0 5
294.0 0
298.0 3
295.0 3
299.0 6
300.0 1
291.0 6
289.0 5
290.0 2
301.0 3
302.0 6
317.0 6
315.0 2
313.0 4
314.0 5
312.0 7
310.0 1
311.0 5
304.0 2
318.0 7
319.0 4
305.0 2
306.0 7
307.0 1
316.0 4
308.0 0
309.0 6
334.0 3
330.0 3
321.0 1
331.0 2
335.0 0
328.0 5
329.0 0
327.0 5
324.0 5
325.0 4
326.0 3
322.0 2
332.0 5
333.0 2
323.0 5
320.0 3
336.0 5
350.0 0
342.0 0
347.0 3
346.0 3
351.0 2
344.0 4
345.0 1
339.0 3
337.0 0
338.0 1
348.0 7
349.0 6
340.0 6
341.0 6
343.0 6
353.0 5
356.0 6
363.0 3
362.0 5
357.0 4
361.0 7
352.0 0
364.0 2
365.0 1
366.0 3
360.0 3
367.0 1
358.0 7
359.0 4
354.0 4
355.0 1
383.0 4
378.0 5
379.0 4
370.0 6
376.0 6
377.0 0
380.0 3
371.0 5
374.0 3
375.0 4
368.0 1
369.0 5
372.0 2
373.0 1
381.0 1
382.0 5
384.0 1
390.0 2
388.0 5
389.0 5
391.0 1
385.0 3
387.0 2
394.0 7
398.0 1
399.0 1
392.0 5
393.0 1
397.0 5
396.0 5
386.0 3
395.0 6
402.0 3
400.0 4
405.0 5
404.0 2
401.0 5
411.0 1
409.0 2
410.0 2
413.0 4
414.0 7
415.0 5
408.0 4
406.0 0
407.0 1
412.0 6
403.0 0
419.0 4
416.0 1
429.0 5
428.0 3
422.0 2
423.0 6
430.0 0
417.0 4
418.0 6
424.0 3
431.0 0
425.0 4
426.0 1
427.0 0
420.0 0
421.0 1
444.0 7
445.0 7
433.0 6
432.0 6
438.0 7
439.0 6
436.0 3
437.0 5
446.0 3
442.0 6
443.0 6
434.0 3
435.0 1
447.0 0
440.0 2
441.0 5
451.0 0
460.0 3
453.0 3
452.0 5
454.0 6
461.0 4
462.0 1
463.0 6
455.0 5
448.0 4
449.0 3
450.0 6
456.0 4
457.0 1
459.0 6
458.0 2
465.0 1
470.0 6
468.0 4
464.0 1
471.0 2
476.0 3
478.0 5
477.0 3
479.0 2
467.0 3
466.0 5
472.0 2
473.0 4
469.0 1
474.0 2
475.0 3
481.0 5
494.0 2
487.0 0
489.0 2
491.0 0
490.0 2
480.0 3
484.0 4
495.0 7
488.0 6
485.0 7
486.0 1
492.0 0
493.0 0
482.0 7
483.0 2
496.0 5
497.0 6
498.0 3
499.0 0
1.0 6
